0.2126780700 -0.2563742000 0.5061635934 -0.6831957413 0.2288655176 -0.6876954690 -0.0891016044
0.2126775427 -0.2563741477 0.5061609722 -0.6831982402 0.2288666594 -0.6876927862 -0.0891002167
0.2126774136 -0.2563741378 0.5061603362 -0.6831988439 0.2288669430 -0.6876921355 -0.0890998814
0.2126780875 -0.2563742056 0.5061636879 -0.6831956480 0.2288654847 -0.6876955660 -0.0891016560
0.2126777363 -0.2563741711 0.5061619426 -0.6831973115 0.2288662459 -0.6876937796 -0.0891007323
0.2126777418 -0.2563741695 0.5061619660 -0.6831972910 0.2288662310 -0.6876938035 -0.0891007437
0.2126780426 -0.2563741971 0.5061634570 -0.6831958715 0.2288655766 -0.6876953293 -0.0891015320
0.2126773899 -0.2563741331 0.5061602141 -0.6831989624 0.2288669909 -0.6876920103 -0.0890998157
0.2126775771 -0.2563741547 0.5061611502 -0.6831980674 0.2288665896 -0.6876929686 -0.0891003125
0.2126775853 -0.2563741557 0.5061611914 -0.6831980280 0.2288665721 -0.6876930108 -0.0891003344
0.2126774108 -0.2563741364 0.5061603204 -0.6831988600 0.2288669474 -0.6876921192 -0.0890998725
0.2126783179 -0.2563742258 0.5061648281 -0.6831945632 0.2288649823 -0.6876967328 -0.0891022585
0.2126777257 -0.2563741654 0.5061618814 -0.6831973738 0.2288662625 -0.6876937167 -0.0891006979
0.2126773154 -0.2563741268 0.5061598455 -0.6831993130 0.2288671539 -0.6876916331 -0.0890996210
0.2126773266 -0.2563741287 0.5061599029 -0.6831992575 0.2288671305 -0.6876916919 -0.0890996517
0.2126774399 -0.2563741390 0.5061604642 -0.6831987233 0.2288668840 -0.6876922663 -0.0890999484
0.2126781641 -0.2563742119 0.5061640660 -0.6831952886 0.2288653172 -0.6876959528 -0.0891018556
0.2126782862 -0.2563742217 0.5061646687 -0.6831947160 0.2288650497 -0.6876965695 -0.0891021737
0.2126775211 -0.2563741452 0.5061608641 -0.6831983436 0.2288667057 -0.6876926755 -0.0891001593
0.2126773752 -0.2563741338 0.5061601451 -0.6831990263 0.2288670258 -0.6876919399 -0.0890997801
0.2126775880 -0.2563741560 0.5061612047 -0.6831980153 0.2288665664 -0.6876930244 -0.0891003414
0.2126774215 -0.2563741378 0.5061603739 -0.6831988088 0.2288669248 -0.6876921739 -0.0890999009
0.2126782916 -0.2563742239 0.5061646985 -0.6831946861 0.2288650401 -0.6876966002 -0.0891021902
0.2126779835 -0.2563741910 0.5061631626 -0.6831961525 0.2288657042 -0.6876950280 -0.0891013761
0.2126773090 -0.2563741254 0.5061598122 -0.6831993453 0.2288671667 -0.6876915990 -0.0890996030
0.2126773493 -0.2563741314 0.5061600167 -0.6831991486 0.2288670820 -0.6876918084 -0.0890997122
0.2126773052 -0.2563741254 0.5061597943 -0.6831993621 0.2288671753 -0.6876915807 -0.0890995937
0.2126780832 -0.2563742036 0.5061636638 -0.6831956723 0.2288654919 -0.6876955411 -0.0891016426
0.2126783165 -0.2563742261 0.5061648220 -0.6831945687 0.2288649858 -0.6876967265 -0.0891022554
0.2126754620 -0.2563742550 0.5061596959 -0.6831997829 0.2288652124 -0.6876909938 -0.0891059379
0.2126482554 -0.2563784986 0.5061382950 -0.6832300144 0.2288639928 -0.6876537216 -0.0891648985
0.2126513415 -0.2563861487 0.5061695251 -0.6831959352 0.2288616293 -0.6876856053 -0.0891861917
0.2126756308 -0.2563730384 0.5061474907 -0.6832298131 0.2288801930 -0.6876575926 -0.0890948847
0.2129256534 -0.2561447599 0.5059179081 -0.6836514041 0.2287444488 -0.6873939915 -0.0882362004
0.2136839121 -0.2554261250 0.5052462207 -0.6849245637 0.2282379177 -0.6866164289 -0.0856751944
0.2156202125 -0.2535539480 0.5034523580 -0.6882618076 0.2269536802 -0.6844863796 -0.0790135433
0.2184138577 -0.2507769038 0.5008123134 -0.6931512094 0.2250571254 -0.6812149216 -0.0692701722
0.2216542371 -0.2474408474 0.4976903601 -0.6989210925 0.2227709855 -0.6771431149 -0.0577973701
0.2243829502 -0.2445344464 0.4950357994 -0.7038310216 0.2207877327 -0.6734597264 -0.0479878605
0.2269991067 -0.2416552984 0.4925050565 -0.7085602381 0.2187718691 -0.6697565728 -0.0385128471
0.2293866550 -0.2389583975 0.4901601511 -0.0025205853 0.0021506552 -0.0057467368 -0.0040129830
0.2327097811 -0.2350747283 0.4868370774 -0.3753666453 0.1103080454 -0.3412246726 -0.0048760348
0.2354378952 -0.2317447177 0.4840094659 -0.7243520026 0.2119204805 -0.6559842958 -0.0069057037
0.2383869358 -0.2279907873 0.4808254326 -0.7301913997 0.2093313600 -0.6503494239 0.0046216955
0.2408358109 -0.2247243464 0.4781323436 -0.7351514960 0.2070191436 -0.6453372400 0.0143564895
0.2433436761 -0.2212668161 0.4753161614 -0.7403281839 0.2045784796 -0.6398674583 0.0244927897
0.2458833286 -0.2176053180 0.4723172791 -0.7457827986 0.2020052131 -0.6338336313 0.0350408582
0.2480534964 -0.2143129432 0.4696169316 -0.7506553758 0.1996672076 -0.6282216905 0.0443162761
0.2508986708 -0.2098162137 0.4660043697 -0.7571875087 0.1964431690 -0.6203453814 0.0566980923
0.2538537606 -0.2048653045 0.4620394966 -0.7643072674 0.1928582551 -0.6113243563 0.0699872147
0.2555196659 -0.2019321199 0.4596995692 -0.7684883044 0.1907183430 -0.6057963207 0.0776908444
0.2572369759 -0.1987999737 0.4572329945 -0.7729023123 0.1884024806 -0.5997865226 0.0857624430
0.2588703671 -0.1956584207 0.4547369214 -0.7773292139 0.1860508748 -0.5935800104 0.0937052410
0.2604993065 -0.1923993589 0.4521324292 -0.7819166674 0.1836101374 -0.5869431915 0.1018310351
0.2623942740 -0.1884254737 0.4490111772 -0.7874316167 0.1805729776 -0.5786775035 0.1114888846
0.2644181999 -0.1839555463 0.4455011561 -0.7936065903 0.1771224086 -0.5690724052 0.1221169015
0.2659242522 -0.1804682656 0.4427518964 -0.7984175591 0.1744082168 -0.5613555583 0.1302567416
0.2673826146 -0.1768549321 0.4399417487 -0.8033459308 0.1714986964 -0.5532075920 0.1384244258
0.2684850458 -0.1739864011 0.4376696729 -0.8072879719 0.1691868992 -0.5465041581 0.1448192532
0.2695939601 -0.1709955274 0.4352851664 -0.8114054999 0.1667685823 -0.5393245407 0.1513923172
0.2707936591 -0.1675882007 0.4326093448 -0.8160467022 0.1639363625 -0.5310336174 0.1586769581
0.2722740166 -0.1630876623 0.4290477889 -0.8221903147 0.1601262214 -0.5197212924 0.1680506787
0.2735379088 -0.1589418711 0.4258050988 -0.8278004956 0.1564984559 -0.5090539785 0.1763699708
0.2742606221 -0.1564262482 0.4238286636 -0.8312095845 0.1542589404 -0.5024005810 0.1812898306
0.2750366343 -0.1536137474 0.4215718707 -0.8350663045 0.1517509265 -0.4947239264 0.1867195279
0.2757225787 -0.1509669153 0.4194331346 -0.8387084066 0.1493446282 -0.4873326476 0.1917091374
0.2766823982 -0.1470449232 0.4163079044 -0.8440601440 0.1456762849 -0.4762071243 0.1988450156
0.2775876350 -0.1430001888 0.4130586345 -0.8496051172 0.1417851429 -0.4643680249 0.2059309000
0.2781072910 -0.1404891347 0.4110263231 -0.8530637415 0.1393100725 -0.4568133899 0.2101798416
0.2786717232 -0.1376920984 0.4087784140 -0.8569041783 0.1365088797 -0.4482557843 0.2147685981
0.2791314090 -0.1352299735 0.4067575543 -0.8603298528 0.1339976192 -0.4404874270 0.2186929094
0.2796824905 -0.1320550954 0.4041545741 -0.8647488650 0.1306673616 -0.4302561642 0.2235386717
0.2802607844 -0.1284291187 0.4011510668 -0.8698342638 0.1267603778 -0.4182406962 0.2288326211
0.2806225502 -0.1258881012 0.3990022450 -0.8734486418 0.1239432091 -0.4095343135 0.2323723233
0.2809940373 -0.1232682841 0.3968182962 -0.8771517507 0.1209722564 -0.4004233601 0.2358249907
0.2813151435 -0.1209057209 0.3948539461 -0.8804925567 0.1182299933 -0.3920672588 0.2387841634
0.2815838593 -0.1186862033 0.3929755029 -0.8836702887 0.1155809284 -0.3840067760 0.2414257454
0.2818733725 -0.1161706386 0.3908253465 -0.8873034240 0.1125011424 -0.3746264424 0.2442272175
0.2822368429 -0.1128703272 0.3879786245 -0.8921109073 0.1083491310 -0.3619916871 0.2476303749
0.2824930809 -0.1102192190 0.3856504082 -0.8960272336 0.1048878381 -0.3515170164 0.2501156137
0.2827202025 -0.1080680983 0.3837648988 -0.8992145962 0.1020158891 -0.3428225477 0.2519169523
0.2829061566 -0.1062124334 0.3821537172 -0.9019542013 0.0994680145 -0.3352520301 0.2533273519
0.2830931068 -0.1041186904 0.3803191312 -0.9050701995 0.0964977075 -0.3265315453 0.2547445563
0.2833245885 -0.1016645038 0.3781268131 -0.9087828012 0.0929176411 -0.3159670811 0.2561333919
0.2835742722 -0.0991637833 0.3758648455 -0.9126109167 0.0891640098 -0.3049039843 0.2572683560
0.2837870858 -0.0968937724 0.3738077793 -0.9161007092 0.0856284115 -0.2946722063 0.2580473219
0.2840095085 -0.0949495142 0.3720157749 -0.9191381085 0.0825170240 -0.2856131187 0.2584301332
0.2841938768 -0.0932774451 0.3704943535 -0.9217363054 0.0797542310 -0.2777692364 0.2585916362
0.2843889286 -0.0914900140 0.3688752992 -0.9245139094 0.0767078902 -0.2692815015 0.2585733684
0.2846352189 -0.0895887815 0.3671151961 -0.9275225205 0.0733746144 -0.2599602619 0.2582663281
0.2849894342 -0.0871663971 0.3648582453 -0.9313865655 0.0689980367 -0.2478247843 0.2575126860
0.2852702743 -0.0853826506 0.3632200350 -0.9342167212 0.0656684684 -0.2388060038 0.2566919456
0.2855648310 -0.0838222893 0.3617435508 -0.9367496587 0.0626633516 -0.2306300525 0.2556762387
0.2858552964 -0.0823155537 0.3603284674 -0.9391917107 0.0596656284 -0.2226585155 0.2544933940
0.2861605085 -0.0808305979 0.3589628282 -0.9415741305 0.0566385819 -0.2147927380 0.2531372997
0.2865410249 -0.0792526799 0.3574988171 -0.9441261292 0.0533365944 -0.2062641377 0.2513984945
0.2871577205 -0.0770133116 0.3554305868 -0.9477467222 0.0485230742 -0.1940104823 0.2485002151
0.2875588322 -0.0756741980 0.3542366909 -0.9498724532 0.0455824043 -0.1867291312 0.2465626495
0.2879938291 -0.0744071855 0.3530809226 -0.9519118346 0.0427182472 -0.1796628452 0.2444460937
0.2884541762 -0.0731353562 0.3519124425 -0.9539708519 0.0397490542 -0.1724555174 0.2420930828
0.2890908555 -0.0715494999 0.3505045909 -0.9564884166 0.0359802070 -0.1635374015 0.2388724561
0.2898832617 -0.0697760040 0.3489766127 -0.9592528713 0.0317054693 -0.1536351668 0.2349518187
0.2905893641 -0.0683235815 0.3477322418 -0.9615072390 0.0281038564 -0.1454605958 0.2314162659
0.2912304714 -0.0671388097 0.3467703508 -0.9632866553 0.0251573935 -0.1389428438 0.2283394802
0.2919327418 -0.0659215769 0.3458004545 -0.9650893678 0.0220809564 -0.1322725455 0.2249742548
0.2927461095 -0.0646025703 0.3447600001 -0.9670209357 0.0186720711 -0.1250374473 0.2210570634
0.2938115655 -0.0630018198 0.3435562810 -0.9692929903 0.0145253370 -0.1164504041 0.2160698486
0.2949278904 -0.0614333812 0.3424042262 -0.9714640443 0.0103876555 -0.1081143802 0.2108501490
0.2957583412 -0.0603437258 0.3416480197 -0.9729114331 0.0075117856 -0.1024918148 0.2070629169
0.2967312625 -0.0591361698 0.3408665941 -0.9744508141 0.0043521519 -0.0964815312 0.2027610682
0.2977673291 -0.0579068788 0.3401214109 -0.9759563316 0.0011379187 -0.0905548814 0.1982485505
0.2988215507 -0.0567033056 0.3394162787 -0.9773766915 -0.0020158086 -0.0848825608 0.1936914049
0.2999966617 -0.0554170878 0.3387050794 -0.9788228352 -0.0053661516 -0.0790340853 0.1886995387
0.3016289256 -0.0537016441 0.3378393446 -0.9806439618 -0.0097874120 -0.0716027434 0.1819131726
0.3031369457 -0.0521628312 0.3371033194 -0.9821845970 -0.0137256199 -0.0651926217 0.1757067488
0.3044045764 -0.0509114965 0.3365704304 -0.9833533135 -0.0168937460 -0.0602735421 0.1705753114
0.3057475653 -0.0496246673 0.3360937702 -0.9844627762 -0.0200433807 -0.0555874630 0.1653362643
0.3071900176 -0.0482678741 0.3356365259 -0.9855466547 -0.0232719173 -0.0509512550 0.1598453551
0.3086715902 -0.0468896804 0.3352092055 -0.9865771915 -0.0265308082 -0.0464547835 0.1542129658
0.3108175078 -0.0449169820 0.3346713130 -0.9879376390 -0.0311222190 -0.0404169816 0.1461358743
0.3127035313 -0.0432018685 0.3342664529 -0.9890151059 -0.0350300440 -0.0355385538 0.1391308982
0.3143774052 -0.0416869471 0.3339668600 -0.9898639146 -0.0383778427 -0.0315987630 0.1330183689
0.3160349760 -0.0401931662 0.3337334740 -0.9906069732 -0.0415087965 -0.0281297142 0.1271864180
0.3177682166 -0.0386357811 0.3335440677 -0.9913079169 -0.0446849696 -0.0248185779 0.1211855687
0.3198355445 -0.0367672764 0.3333603135 -0.9920573253 -0.0484310506 -0.0211399795 0.1140377478
0.3220969613 -0.0347080106 0.3332041635 -0.9927875541 -0.0524435367 -0.0174318785 0.1063014956
0.3243765146 -0.0326172960 0.3331115299 -0.9934211463 -0.0563345797 -0.0141297702 0.0986895016
0.3263930821 -0.0307440511 0.3330715253 -0.9938998829 -0.0597423624 -0.0114665680 0.0919687933
0.3284389691 -0.0288259489 0.3330856551 -0.9943124690 -0.0631142998 -0.0090746682 0.0852520922
0.3303993422 -0.0269624571 0.3331411254 -0.9946422536 -0.0662144144 -0.0071000517 0.0790018255
0.3326597678 -0.0247789746 0.3332408807 -0.9949530064 -0.0697059267 -0.0051007242 0.0719095139
0.3353712203 -0.0221038293 0.3334123384 -0.9952310021 -0.0738557665 -0.0030199501 0.0634412019
0.3384769682 -0.0189755975 0.3336688516 -0.9954485729 -0.0785454578 -0.0010042066 0.0538211164
0.3406687933 -0.0167188863 0.3338937956 -0.9955317274 -0.0818134097 0.0001605741 0.0470834249
0.3423561599 -0.0149477894 0.3340895064 -0.9955535000 -0.0843264005 0.0009314447 0.0418918818
0.3439651311 -0.0132383409 0.3343076159 -0.9955445272 -0.0866600332 0.0014866672 0.0370444513
0.3461120848 -0.0109021932 0.3346197474 -0.9954833951 -0.0897256045 0.0020346604 0.0306624159
0.3489249843 -0.0077649680 0.3350580083 -0.9953380292 -0.0937065267 0.0025199616 0.0223686965
0.3510679332 -0.0053152251 0.3354266520 -0.9951840006 -0.0966289451 0.0026103125 0.0162503733
0.3527060664 -0.0034055896 0.3357329063 -0.9950255234 -0.0989074434 0.0025987901 0.0114973772
0.3542065389 -0.0016155180 0.3360109417 -0.9948561934 -0.1010078716 0.0025503894 0.0071264590
0.3552931646 -0.0003045741 0.3362298321 -0.9947204262 -0.1025105315 0.0024360971 0.0039954740
0.3558805241 0.0004018598 0.3363601411 -0.9946416111 -0.1033295259 0.0023539977 0.0022865567
0.3560634428 0.0006198837 0.3364032757 -0.9946137393 -0.1036102579 0.0023510336 0.0017018332
0.3560657419 0.0006179207 0.3364111467 -0.9946144030 -0.1036042445 0.0023347476 0.0017025537
0.3560687151 0.0006352466 0.3364019171 -0.9946162330 -0.1035863208 0.0023274033 0.0017338206
0.3560596075 0.0006144695 0.3364106284 -0.9946140269 -0.1036076479 0.0023463218 0.0016992493
0.3560570466 0.0006145290 0.3364066146 -0.9946134951 -0.1036125258 0.0023576419 0.0016973734
0.3560618685 0.0006228411 0.3364038910 -0.9946140069 -0.1036076236 0.0023492811 0.0017083103
0.3560597900 0.0006173595 0.3364065373 -0.9946135094 -0.1036124590 0.0023530111 0.0016995745
0.3560610704 0.0006155132 0.3364075983 -0.9946138395 -0.1036093914 0.0023492901 0.0016985311
0.3560666113 0.0006321369 0.3364039029 -0.9946154265 -0.1035940837 0.0023322837 0.0017261435
0.3560640824 0.0006187517 0.3364089095 -0.9946143721 -0.1036044019 0.0023396648 0.0017041816
0.3560616776 0.0006099317 0.3364097611 -0.9946135634 -0.1036121865 0.0023495005 0.0016893947
0.3560660768 0.0006223143 0.3364024765 -0.9946146119 -0.1036019308 0.0023437370 0.0017089497
0.3560667023 0.0006132803 0.3364141100 -0.9946138420 -0.1036098000 0.0023343238 0.0016927371
0.3560621261 0.0006071092 0.3364153750 -0.9946132323 -0.1036155862 0.0023438284 0.0016837043
0.3563434191 0.0003662767 0.3371303887 -0.9945580586 -0.1041741315 0.0012358004 0.0007007868
0.3563434191 0.0003662767 0.3371303887 -0.9945580586 -0.1041741315 0.0012358004 0.0007007868
0.3563255940 0.0002613279 0.3372115157 -0.9945487144 -0.1042643032 0.0012351570 0.0005232758
0.3563092597 0.0002356084 0.3372071757 -0.9945462259 -0.1042876604 0.0012853940 0.0004843137
0.3563472841 0.0003341297 0.3371723402 -0.9945554036 -0.1042001713 0.0011986528 0.0006431655
0.3563682888 0.0003965393 0.3371446407 -0.9945611419 -0.1041452847 0.0011559084 0.0007448573
0.3563410196 0.0003642190 0.3371290392 -0.9945577931 -0.1041766020 0.0012428843 0.0006978191
0.3563311897 0.0003136318 0.3371661597 -0.9945532522 -0.1042203621 0.0012471164 0.0006126514
0.3563371771 0.0002786939 0.3372126520 -0.9945505136 -0.1042474101 0.0012026286 0.0005499086
0.3563485951 0.0003017606 0.3372070471 -0.9945528000 -0.1042257328 0.0011749616 0.0005866143
0.3563485951 0.0003017606 0.3372070471 -0.9945528000 -0.1042257328 0.0011749616 0.0005866143
0.3563464123 0.0002830877 0.3372228499 -0.9945511763 -0.1042414311 0.0011714923 0.0005547742
0.3563436600 0.0002595435 0.3372427751 -0.9945491290 -0.1042612247 0.0011671179 0.0005146280
0.3563436600 0.0002595435 0.3372427751 -0.9945491290 -0.1042612247 0.0011671179 0.0005146280
0.3563457326 0.0002998635 0.3372046506 -0.9945525390 -0.1042280841 0.0011840169 0.0005841372
0.3563492182 0.0003676745 0.3371405321 -0.9945582741 -0.1041723478 0.0012124379 0.0007010391
0.3563492182 0.0003676745 0.3371405321 -0.9945582741 -0.1041723478 0.0012124379 0.0007010391
0.3563322565 0.0003262743 0.3371547242 -0.9945543448 -0.1042097820 0.0012510536 0.0006343782
0.3563112088 0.0002782467 0.3371688139 -0.9945497497 -0.1042534971 0.0013011084 0.0005574952
0.3563054888 0.0002417632 0.3371977009 -0.9945465106 -0.1042847033 0.0012992616 0.0004956323
0.3562992920 0.0002022393 0.3372289952 -0.9945430015 -0.1043185101 0.0012972608 0.0004286142
0.3563033427 0.0002138481 0.3372240181 -0.9945440774 -0.1043082433 0.0012888485 0.0004474982
0.3563573524 0.0003686324 0.3371576573 -0.9945584224 -0.1041713534 0.0011766848 0.0006992843
0.3563573524 0.0003686324 0.3371576573 -0.9945584224 -0.1041713534 0.0011766848 0.0006992843
0.3563573524 0.0003686324 0.3371576573 -0.9945584224 -0.1041713534 0.0011766848 0.0006992843
0.3563644668 0.0003612448 0.3371769795 -0.9945580286 -0.1041755585 0.0011456319 0.0006842644
0.3563651444 0.0003605412 0.3371788197 -0.9945579911 -0.1041759590 0.0011426745 0.0006828339
0.3563651444 0.0003605412 0.3371788197 -0.9945579911 -0.1041759590 0.0011426745 0.0006828339
0.3563372730 0.0002743947 0.3372187861 -0.9945500990 -0.1042514036 0.0011976637 0.0005421216
0.3563205501 0.0002227068 0.3372427660 -0.9945453638 -0.1042966703 0.0012306572 0.0004576942
0.3563205501 0.0002227068 0.3372427660 -0.9945453638 -0.1042966703 0.0012306572 0.0004576942
0.3563388536 0.0002463326 0.3372521023 -0.9945477507 -0.1042744186 0.0011723414 0.0004924578
0.3563336965 0.0002862921 0.3371992969 -0.9945510300 -0.1042421839 0.0012199870 0.0005641608
0.3563335951 0.0003284368 0.3371545016 -0.9945545740 -0.1042076514 0.0012476427 0.0006377494
0.3563453282 0.0003301064 0.3371762810 -0.9945549163 -0.1042049649 0.0011995792 0.0006362581
0.3563453282 0.0003301064 0.3371762810 -0.9945549163 -0.1042049649 0.0011995792 0.0006362581
0.3563322319 0.0003350133 0.3371476340 -0.9945550018 -0.1042034221 0.0012539784 0.0006492333
0.3563268394 0.0003370338 0.3371358382 -0.9945550370 -0.1042027869 0.0012763781 0.0006545760
0.3563268394 0.0003370338 0.3371358382 -0.9945550370 -0.1042027869 0.0012763781 0.0006545760
0.3563173183 0.0002895457 0.3371663888 -0.9945503897 -0.1042473853 0.0012844810 0.0005852088
0.3562998631 0.0002024843 0.3372223983 -0.9945418697 -0.1043291491 0.0012993364 0.0004580355
0.3562998631 0.0002024843 0.3372223983 -0.9945418697 -0.1043291491 0.0012993364 0.0004580355
0.3564617700 0.0000107886 0.3372029247 -0.9945368714 -0.1043778137 0.0010666478 0.0006791870
0.3566191782 -0.0002124162 0.3371916667 -0.9945294295 -0.1044496175 0.0008491701 0.0008660716
0.3571791909 -0.0012472081 0.3371984032 -0.9944872616 -0.1048481232 0.0001548962 0.0012897320
0.3574675086 -0.0016197865 0.3371670385 -0.9944772961 -0.1049394003 -0.0002308669 0.0016051289
0.3574675086 -0.0016197865 0.3371670385 -0.9944772961 -0.1049394003 -0.0002308669 0.0016051289
0.3584385456 -0.0036069028 0.3372571287 -0.9943881880 -0.1057578281 -0.0013955072 0.0020599726
0.3589682021 -0.0046907844 0.3373062689 -0.9943395836 -0.1062042432 -0.0020307655 0.0023080692
0.3589682021 -0.0046907844 0.3373062689 -0.9943395836 -0.1062042432 -0.0020307655 0.0023080692
0.3608466234 -0.0082006194 0.3373387428 -0.9941840259 -0.1075516017 -0.0042372857 0.0034018954
0.3611432162 -0.0087548039 0.3373438703 -0.9941594642 -0.1077643425 -0.0045856836 0.0035746048
0.3611432162 -0.0087548039 0.3373438703 -0.9941594642 -0.1077643425 -0.0045856836 0.0035746048
0.3637237086 -0.0132040809 0.3373694028 -0.9939558877 -0.1093933633 -0.0076446801 0.0050675461
0.3638437315 -0.0134110240 0.3373705903 -0.9939464190 -0.1094691317 -0.0077869590 0.0051369852
0.3655925625 -0.0163275213 0.3375136900 -0.9938008345 -0.1105641623 -0.0098630177 0.0058368747
0.3667891310 -0.0183230195 0.3376116002 -0.9937012241 -0.1113133938 -0.0112834789 0.0063157464
0.3673467268 -0.0190833802 0.3376440745 -0.9936614693 -0.1115801589 -0.0119047984 0.0065401516
0.3698160792 -0.0224506918 0.3377878892 -0.9934854123 -0.1127615467 -0.0146563560 0.0075339460
0.3698160792 -0.0224506918 0.3377878892 -0.9934854123 -0.1127615467 -0.0146563560 0.0075339460
0.3702386908 -0.0228468490 0.3377986020 -0.9934631464 -0.1128880105 -0.0150582662 0.0077019088
0.3727039251 -0.0251577663 0.3378610934 -0.9933332620 -0.1136257158 -0.0174027425 0.0086816918
0.3727039251 -0.0251577663 0.3378610934 -0.9933332620 -0.1136257158 -0.0174027425 0.0086816918
0.3733134014 -0.0254319680 0.3379160463 -0.9933129647 -0.1137240007 -0.0178355137 0.0087995107
0.3752434097 -0.0263002730 0.3380900636 -0.9932486896 -0.1140352363 -0.0192059561 0.0091726039
0.3752434097 -0.0263002730 0.3380900636 -0.9932486896 -0.1140352363 -0.0192059561 0.0091726039
0.3761863007 -0.0259039403 0.3381619074 -0.9932575020 -0.1138725376 -0.0196099505 0.0093654713
0.3775063480 -0.0253490745 0.3382624888 -0.9932698392 -0.1136447595 -0.0201755427 0.0096354857
0.3792041191 -0.0230911916 0.3383226270 -0.9933615868 -0.1127323902 -0.0205047033 0.0101777770
0.3795667651 -0.0225254169 0.3383214148 -0.9933857190 -0.1125046525 -0.0205293668 0.0102986189
0.3795667651 -0.0225254169 0.3383214148 -0.9933857190 -0.1125046525 -0.0205293668 0.0102986189
0.3811932826 -0.0196852234 0.3385128155 -0.9935001570 -0.1114781961 -0.0205052788 0.0104595032
0.3814643688 -0.0192118579 0.3385447156 -0.9935192300 -0.1113071200 -0.0205012642 0.0104863172
0.3814643688 -0.0192118579 0.3385447156 -0.9935192300 -0.1113071200 -0.0205012642 0.0104863172
0.3832675735 -0.0159250553 0.3387088588 -0.9936516737 -0.1101345864 -0.0203302979 0.0106438646
0.3834062815 -0.0156722243 0.3387214852 -0.9936618617 -0.1100443915 -0.0203171466 0.0106559837
0.3834062815 -0.0156722243 0.3387214852 -0.9936618617 -0.1100443915 -0.0203171466 0.0106559837
0.3847550520 -0.0130690283 0.3387488685 -0.9937674369 -0.1090878691 -0.0201514048 0.0109312518
0.3854715864 -0.0116860804 0.3387634159 -0.9938235237 -0.1085797166 -0.0200633545 0.0110774881
0.3865616391 -0.0095948070 0.3388714290 -0.9939036367 -0.1078468812 -0.0199841371 0.0111671686
0.3876165289 -0.0075709940 0.3389759579 -0.9939811654 -0.1071376857 -0.0199074751 0.0112539563
0.3876165289 -0.0075709940 0.3389759579 -0.9939811654 -0.1071376857 -0.0199074751 0.0112539563
0.3892374921 -0.0043637928 0.3391289633 -0.9941013501 -0.1059948765 -0.0198829125 0.0114786193
0.3898318453 -0.0031878190 0.3391850652 -0.9941454179 -0.1055758464 -0.0198739062 0.0115609957
0.3898318453 -0.0031878190 0.3391850652 -0.9941454179 -0.1055758464 -0.0198739062 0.0115609957
0.3916267239 0.0005743569 0.3392382030 -0.9942864036 -0.1042045305 -0.0197897181 0.0119947898
0.3920169149 0.0013922213 0.3392497546 -0.9943170526 -0.1039064184 -0.0197714163 0.0120890929
0.3920169149 0.0013922213 0.3392497546 -0.9943170526 -0.1039064184 -0.0197714163 0.0120890929
0.3939594357 0.0055000873 0.3394281558 -0.9944642101 -0.1025223995 -0.0195403574 0.0121733325
0.3940341480 0.0056580822 0.3394350174 -0.9944698700 -0.1024691680 -0.0195314705 0.0121765725
0.3948276841 0.0074121078 0.3394929480 -0.9945314706 -0.1018743350 -0.0194445285 0.0122537954
0.3959578719 0.0099102654 0.3395754551 -0.9946192049 -0.1010271485 -0.0193207021 0.0123637796
0.3969071211 0.0121273287 0.3396043271 -0.9946955081 -0.1002458453 -0.0192804961 0.0126195135
0.3978562559 0.0143433422 0.3396260475 -0.9947721856 -0.0994617871 -0.0192328807 0.0128743113
0.3978562559 0.0143433422 0.3396260475 -0.9947721856 -0.0994617871 -0.0192328807 0.0128743113
0.3990492178 0.0171398349 0.3397603565 -0.9948635967 -0.0985386205 -0.0191744135 0.0129788985
0.3996686403 0.0185918600 0.3398300939 -0.9949110601 -0.0980592840 -0.0191440555 0.0130332035
0.3996686403 0.0185918600 0.3398300939 -0.9949110601 -0.0980592840 -0.0191440555 0.0130332035
0.4005012480 0.0206659286 0.3398731495 -0.9949787082 -0.0973775058 -0.0190233649 0.0131365512
0.4014004644 0.0229059226 0.3399196496 -0.9950517681 -0.0966411853 -0.0188930189 0.0132481667
0.4014004644 0.0229059226 0.3399196496 -0.9950517681 -0.0966411853 -0.0188930189 0.0132481667
0.4025797063 0.0260067129 0.3399239670 -0.9951516656 -0.0956073159 -0.0186999182 0.0134984054
0.4030896487 0.0273475952 0.3399258340 -0.9951948645 -0.0951602372 -0.0186164151 0.0136066168
0.4040322848 0.0298130454 0.3400373731 -0.9952696932 -0.0943736798 -0.0185578599 0.0136738236
0.4047459949 0.0316797435 0.3401218241 -0.9953263493 -0.0937781436 -0.0185135253 0.0137247087
0.4054688423 0.0336886002 0.3401307961 -0.9953880358 -0.0931003232 -0.0184589445 0.0139216740
0.4063757287 0.0362225522 0.3401930056 -0.9954632207 -0.0922749690 -0.0184116305 0.0141180085
0.4063757287 0.0362225522 0.3401930056 -0.9954632207 -0.0922749690 -0.0184116305 0.0141180085
0.4074988661 0.0394959770 0.3402063974 -0.9955612468 -0.0912093631 -0.0182382548 0.0143372916
0.4079248838 0.0407376209 0.3402114770 -0.9955984292 -0.0908051678 -0.0181724916 0.0144204680
0.4079248838 0.0407376209 0.3402114770 -0.9955984292 -0.0908051678 -0.0181724916 0.0144204680
0.4085600896 0.0425995344 0.3402762011 -0.9956521302 -0.0902318726 -0.0180790853 0.0144131093
0.4094070308 0.0450820859 0.3403624998 -0.9957237316 -0.0894674789 -0.0179545434 0.0144032978
0.4094070308 0.0450820859 0.3403624998 -0.9957237316 -0.0894674789 -0.0179545434 0.0144032978
0.4101247871 0.0473594628 0.3403686117 -0.9957879097 -0.0887235292 -0.0178928138 0.0146211776
0.4110076788 0.0501643957 0.3403921331 -0.9958665425 -0.0878215828 -0.0178029350 0.0148388263
0.4120207274 0.0534646973 0.3404560634 -0.9959563581 -0.0867823960 -0.0177138822 0.0150254062
0.4123006695 0.0543954534 0.3404492894 -0.9959817536 -0.0864636956 -0.0177258302 0.0151713796
0.4123006695 0.0543954534 0.3404492894 -0.9959817536 -0.0864636956 -0.0177258302 0.0151713796
0.4134174745 0.0581625408 0.3405455169 -0.9960828897 -0.0853249919 -0.0175384241 0.0151880389
0.4136252521 0.0588633942 0.3405634197 -0.9961017057 -0.0851131400 -0.0175035578 0.0151911383
0.4136252521 0.0588633942 0.3405634197 -0.9961017057 -0.0851131400 -0.0175035578 0.0151911383
0.4148525552 0.0634276050 0.3405014813 -0.9962227838 -0.0836764950 -0.0172225288 0.0155470635
0.4148969155 0.0635925764 0.3404992425 -0.9962271601 -0.0836245681 -0.0172123711 0.0155599283
0.4148969155 0.0635925764 0.3404992425 -0.9962271601 -0.0836245681 -0.0172123711 0.0155599283
0.4157864647 0.0669303625 0.3405776956 -0.9963105187 -0.0826116848 -0.0171345525 0.0157050751
0.4161368931 0.0682452479 0.3406086014 -0.9963433569 -0.0822126702 -0.0171038967 0.0157622541
0.4168333197 0.0710214237 0.3406515441 -0.9964114089 -0.0813736282 -0.0170161491 0.0158927865
0.4173146733 0.0729402511 0.3406812252 -0.9964584448 -0.0807937021 -0.0169555001 0.0159830075
0.4173146733 0.0729402511 0.3406812252 -0.9964584448 -0.0807937021 -0.0169555001 0.0159830075
0.4181971030 0.0767919824 0.3406147271 -0.9965535493 -0.0796145882 -0.0166935763 0.0162325041
0.4184110254 0.0777257355 0.3405986063 -0.9965766050 -0.0793287424 -0.0166300796 0.0162929882
0.4184110254 0.0777257355 0.3405986063 -0.9965766050 -0.0793287424 -0.0166300796 0.0162929882
0.4194143317 0.0820955334 0.3406998430 -0.9966797559 -0.0780568904 -0.0164572438 0.0162988688
0.4194700709 0.0823382999 0.3407054672 -0.9966854865 -0.0779862319 -0.0164476418 0.0162991955
0.4194913471 0.0824404317 0.3407054006 -0.9966878005 -0.0779551589 -0.0164449130 0.0163075749
0.4204913272 0.0872406263 0.3407022703 -0.9967965622 -0.0764947270 -0.0163166594 0.0167014047
0.4204913272 0.0872406263 0.3407022703 -0.9967965622 -0.0764947270 -0.0163166594 0.0167014047
0.4205847228 0.0877159396 0.3406999379 -0.9968072760 -0.0763521053 -0.0162961864 0.0167285994
0.4214439621 0.0920888224 0.3406784796 -0.9969058425 -0.0750399858 -0.0161078346 0.0169787906
0.4221052006 0.0955370109 0.3407261458 -0.9969829371 -0.0740502353 -0.0159441463 0.0169426382
0.4223356654 0.0967408819 0.3407455590 -0.9970098415 -0.0737071406 -0.0158852108 0.0169202089
0.4223356654 0.0967408819 0.3407455590 -0.9970098415 -0.0737071406 -0.0158852108 0.0169202089
0.4230230190 0.1008566478 0.3406722151 -0.9970972624 -0.0724654063 -0.0157111115 0.0172801509
0.4231724436 0.1017513796 0.3406562708 -0.9971162669 -0.0721954640 -0.0156732638 0.0173583992
0.4231724436 0.1017513796 0.3406562708 -0.9971162669 -0.0721954640 -0.0156732638 0.0173583992
0.4238241049 0.1057345380 0.3407064323 -0.9971976099 -0.0710394158 -0.0155935994 0.0175174894
0.4239689185 0.1066196844 0.3407175793 -0.9972156861 -0.0707825162 -0.0155758963 0.0175528427
0.4239689185 0.1066196844 0.3407175793 -0.9972156861 -0.0707825162 -0.0155758963 0.0175528427
0.4246709108 0.1113735471 0.3407033390 -0.9973137150 -0.0694197439 -0.0153332831 0.0176384003
0.4246818794 0.1114478262 0.3407031165 -0.9973152467 -0.0693984506 -0.0153294923 0.0176397371
0.4250641339 0.1144338585 0.3406321460 -0.9973747983 -0.0685263224 -0.0151507308 0.0178199633
0.4253220406 0.1164485309 0.3405842624 -0.9974149777 -0.0679378985 -0.0150301206 0.0179415617
0.4255834683 0.1185457214 0.3406306756 -0.9974538197 -0.0673596024 -0.0149927898 0.0179873555
0.4259397607 0.1213263943 0.3406791218 -0.9975063611 -0.0665720410 -0.0149545775 0.0180439326
0.4259397607 0.1213263943 0.3406791218 -0.9975063611 -0.0665720410 -0.0149545775 0.0180439326
0.4261615774 0.1234819311 0.3406332393 -0.9975465141 -0.0659511830 -0.0148411784 0.0181815458
0.4264605478 0.1263872199 0.3405713976 -0.9976006332 -0.0651143745 -0.0146883362 0.0183670244
0.4264605478 0.1263872199 0.3405713976 -0.9976006332 -0.0651143745 -0.0146883362 0.0183670244
0.4267611328 0.1295554480 0.3405308020 -0.9976598322 -0.0642278223 -0.0145025152 0.0184083928
0.4269264546 0.1312979734 0.3405084744 -0.9976923917 -0.0637402186 -0.0144003137 0.0184311455
0.4269264546 0.1312979734 0.3405084744 -0.9976923917 -0.0637402186 -0.0144003137 0.0184311455
0.4270592251 0.1328445352 0.3405155292 -0.9977193934 -0.0633110398 -0.0143567686 0.0184713529
0.4273725820 0.1365157309 0.3405246631 -0.9977836156 -0.0622886487 -0.0142486395 0.0185716301
0.4276479315 0.1406496992 0.3404163425 -0.9978536486 -0.0611009842 -0.0140556029 0.0188960494
0.4276900270 0.1414611862 0.3403944725 -0.9978663883 -0.0608723368 -0.0140180312 0.0189927497
0.4276900270 0.1414611862 0.3403944725 -0.9978663883 -0.0608723368 -0.0140180312 0.0189927497
0.4279440270 0.1454257659 0.3404000237 -0.9979353171 -0.0597949059 -0.0138494788 0.0189101677
0.4280010474 0.1463157736 0.3404012699 -0.9979507909 -0.0595530337 -0.0138116405 0.0188916289
0.4280010474 0.1463157736 0.3404012699 -0.9979507909 -0.0595530337 -0.0138116405 0.0188916289
0.4281884563 0.1506263293 0.3402988063 -0.9980208125 -0.0583410883 -0.0135995266 0.0191192058
0.4282235574 0.1514409290 0.3402801299 -0.9980341022 -0.0581132859 -0.0135577547 0.0191563093
0.4282235574 0.1514409290 0.3402801299 -0.9980341022 -0.0581132859 -0.0135577547 0.0191563093
0.4283198733 0.1542738584 0.3402468950 -0.9980775066 -0.0573217898 -0.0134741470 0.0193237086
0.4284074681 0.1569374504 0.3402082716 -0.9981187580 -0.0565780367 -0.0133816271 0.0194613158
0.4285251796 0.1613831587 0.3401896332 -0.9981890505 -0.0553715556 -0.0132189784 0.0194381199
0.4285300527 0.1615591490 0.3401937843 -0.9981916967 -0.0553249120 -0.0132182262 0.0194362859
0.4285300527 0.1615591490 0.3401937843 -0.9981916967 -0.0553249120 -0.0132182262 0.0194362859
0.4285467123 0.1654406769 0.3400417965 -0.9982500837 -0.0542374175 -0.0129745495 0.0196543430
0.4285523917 0.1667639250 0.3399899825 -0.9982699884 -0.0538666807 -0.0128914779 0.0197286807
0.4285523917 0.1667639250 0.3399899825 -0.9982699884 -0.0538666807 -0.0128914779 0.0197286807
0.4285639861 0.1707461056 0.3400123311 -0.9983262084 -0.0527915482 -0.0128391144 0.0198159613
0.4285671482 0.1718321548 0.3400184261 -0.9983415411 -0.0524983302 -0.0128248335 0.0198397651
0.4285671482 0.1718321548 0.3400184261 -0.9983415411 -0.0524983302 -0.0128248335 0.0198397651
0.4284843355 0.1764500783 0.3398780068 -0.9984065075 -0.0512279137 -0.0125821269 0.0200406033
0.4284741655 0.1770171917 0.3398607623 -0.9984144858 -0.0510718976 -0.0125523208 0.0200652677
0.4283824751 0.1802692906 0.3397722166 -0.9984601703 -0.0501900791 -0.0123780253 0.0201138534
0.4283303783 0.1821170740 0.3397219065 -0.9984861274 -0.0496890458 -0.0122789938 0.0201414590
0.4282770070 0.1835653950 0.3397156249 -0.9985047006 -0.0493019212 -0.0122480781 0.0201811599
0.4281411526 0.1872520304 0.3396996352 -0.9985519778 -0.0483165132 -0.0121693835 0.0202822166
0.4281411526 0.1872520304 0.3396996352 -0.9985519778 -0.0483165132 -0.0121693835 0.0202822166
0.4280239450 0.1892735580 0.3396168246 -0.9985772571 -0.0477633165 -0.0120499196 0.0204054396
0.4278339880 0.1925498269 0.3394826142 -0.9986182269 -0.0468667562 -0.0118563058 0.0206051460
0.4278339880 0.1925498269 0.3394826142 -0.9986182269 -0.0468667562 -0.0118563058 0.0206051460
0.4277419228 0.1940888259 0.3394662820 -0.9986384716 -0.0464632507 -0.0118002475 0.0205608199
0.4275361298 0.1975289413 0.3394297746 -0.9986837243 -0.0455612972 -0.0116749408 0.0204617380
0.4275361298 0.1975289413 0.3394297746 -0.9986837243 -0.0455612972 -0.0116749408 0.0204617380
0.4272544879 0.2009894493 0.3393121807 -0.9987229557 -0.0446255777 -0.0115093833 0.0206889532
0.4270443285 0.2036278602 0.3392448934 -0.9987541556 -0.0439192482 -0.0113996726 0.0207651193
0.4266472115 0.2079978346 0.3391392181 -0.9988031480 -0.0427552909 -0.0112291743 0.0209320951
0.4266429140 0.2080406065 0.3391376697 -0.9988035795 -0.0427437603 -0.0112271682 0.0209363612
0.4266429140 0.2080406065 0.3391376697 -0.9988035795 -0.0427437603 -0.0112271682 0.0209363612
0.4261485350 0.2129771081 0.3390062205 -0.9988623453 -0.0414436808 -0.0109937886 0.0208690091
0.4261323259 0.2131389607 0.3390019107 -0.9988642721 -0.0414010553 -0.0109861368 0.0208668008
0.4261323259 0.2131389607 0.3390019107 -0.9988642721 -0.0414010553 -0.0109861368 0.0208668008
0.4254879760 0.2185787897 0.3387870938 -0.9989192556 -0.0399381725 -0.0107110960 0.0212248529
0.4254766717 0.2186742253 0.3387833251 -0.9989202202 -0.0399125079 -0.0107062707 0.0212311346
0.4254503507 0.2188905855 0.3387813074 -0.9989224794 -0.0398560547 -0.0107020673 0.0212311979
0.4248186481 0.2240832308 0.3387328827 -0.9989766994 -0.0385011769 -0.0106011852 0.0212327170
0.4248186481 0.2240832308 0.3387328827 -0.9989766994 -0.0385011769 -0.0106011852 0.0212327170
0.4242603399 0.2279331579 0.3385195797 -0.9990155934 -0.0374682725 -0.0103339926 0.0213691734
0.4240002190 0.2297268739 0.3384201999 -0.9990337145 -0.0369870329 -0.0102095052 0.0214327497
0.4235613452 0.2327007417 0.3383839553 -0.9990610294 -0.0362068584 -0.0101628031 0.0215034097
0.4231851902 0.2351770762 0.3383342791 -0.9990839926 -0.0355602114 -0.0100939402 0.0215582796
0.4231851902 0.2351770762 0.3383342791 -0.9990839926 -0.0355602114 -0.0100939402 0.0215582796
0.4227648702 0.2376967890 0.3382422766 -0.9991063111 -0.0348928510 -0.0099837408 0.0216536529
0.4223038740 0.2404603449 0.3381413707 -0.9991307894 -0.0341609074 -0.0098628769 0.0217582558
0.4223038740 0.2404603449 0.3381413707 -0.9991307894 -0.0341609074 -0.0098628769 0.0217582558
0.4218584457 0.2429460138 0.3380217506 -0.9991538172 -0.0335020808 -0.0097205476 0.0217792667
0.4214332642 0.2453186977 0.3379075677 -0.9991757983 -0.0328732009 -0.0095846879 0.0217993225
0.4214332642 0.2453186977 0.3379075677 -0.9991757983 -0.0328732009 -0.0095846879 0.0217993225
0.4206837416 0.2493868392 0.3378575234 -0.9992091583 -0.0318155252 -0.0095286579 0.0218612438
0.4204375722 0.2506473503 0.3378002008 -0.9992204645 -0.0314837422 -0.0094610561 0.0218550283
0.4196932665 0.2542619384 0.3375964143 -0.9992475978 -0.0305151698 -0.0092324263 0.0220865695
0.4196844394 0.2543042357 0.3375941945 -0.9992478692 -0.0305037609 -0.0092300348 0.0220912422
0.4196844394 0.2543042357 0.3375941945 -0.9992478692 -0.0305037609 -0.0092300348 0.0220912422
0.4188212501 0.2585486458 0.3375069191 -0.9992858179 -0.0294059792 -0.0091411161 0.0218993717
0.4188212501 0.2585486458 0.3375069191 -0.9992858179 -0.0294059792 -0.0091411161 0.0218993717
0.4186176067 0.2594501078 0.3374625127 -0.9992916677 -0.0291667655 -0.0090929940 0.0219659128
0.4177303037 0.2633779066 0.3372690275 -0.9993171558 -0.0281244771 -0.0088833192 0.0222558420
0.4177303037 0.2633779066 0.3372690275 -0.9993171558 -0.0281244771 -0.0088833192 0.0222558420
0.4175824155 0.2640210264 0.3372485254 -0.9993219330 -0.0279568193 -0.0088635535 0.0222563545
0.4166359310 0.2681369931 0.3371173116 -0.9993525071 -0.0268838092 -0.0087370533 0.0222596346
0.4164294472 0.2689516204 0.3370688199 -0.9993576575 -0.0266733749 -0.0086792351 0.0223007966
0.4154400477 0.2730088349 0.3368845771 -0.9993869593 -0.0256076339 -0.0085012750 0.0223088113
0.4154400477 0.2730088349 0.3368845771 -0.9993869593 -0.0256076339 -0.0085012750 0.0223088113
0.4149823619 0.2747749609 0.3368080815 -0.9993966867 -0.0251441788 -0.0084231677 0.0224202646
0.4141686982 0.2779147404 0.3366720895 -0.9994139798 -0.0243202586 -0.0082843102 0.0226184037
0.4141686982 0.2779147404 0.3366720895 -0.9994139798 -0.0243202586 -0.0082843102 0.0226184037
0.4136222286 0.2799843021 0.3366069023 -0.9994279811 -0.0237852758 -0.0082315974 0.0225809815
0.4130367255 0.2822016895 0.3365370589 -0.9994429825 -0.0232120799 -0.0081751195 0.0225408863
0.4130367255 0.2822016895 0.3365370589 -0.9994429825 -0.0232120799 -0.0081751195 0.0225408863
0.4124036263 0.2844167637 0.3363753520 -0.9994550435 -0.0226259701 -0.0080041028 0.0226564642
0.4119112157 0.2861395992 0.3362495800 -0.9994644243 -0.0221701069 -0.0078710898 0.0227463581
0.4119112157 0.2861395992 0.3362495800 -0.9994644243 -0.0221701069 -0.0078710898 0.0227463581
0.4112754796 0.2884209099 0.3362512731 -0.9994763189 -0.0215897683 -0.0078973603 0.0227705604
0.4110817315 0.2891161665 0.3362517891 -0.9994799440 -0.0214129032 -0.0079053666 0.0227779363
0.4104861176 0.2910630735 0.3360516366 -0.9994912111 -0.0208932878 -0.0076909921 0.0228385887
0.4104173929 0.2912877167 0.3360285421 -0.9994925112 -0.0208333322 -0.0076662566 0.0228455870
0.4104173929 0.2912877167 0.3360285421 -0.9994925112 -0.0208333322 -0.0076662566 0.0228455870
0.4101094274 0.2923723068 0.3360479177 -0.9994995624 -0.0205621574 -0.0077055346 0.0227694369
0.4101094274 0.2923723068 0.3360479177 -0.9994995624 -0.0205621574 -0.0077055346 0.0227694369
0.4101033193 0.2923913478 0.3360472826 -0.9994995646 -0.0205572301 -0.0077043072 0.0227741841
0.4099872656 0.2927531264 0.3360352146 -0.9994996063 -0.0204636127 -0.0076809853 0.0228643820
0.4099872656 0.2927531264 0.3360352146 -0.9994996063 -0.0204636127 -0.0076809853 0.0228643820
0.4099921840 0.2927383668 0.3360328084 -0.9995000835 -0.0204665899 -0.0076796120 0.0228412042
0.4100354660 0.2926084819 0.3360116340 -0.9995042821 -0.0204927886 -0.0076675271 0.0226372399
0.4100354660 0.2926084819 0.3360116340 -0.9995042821 -0.0204927886 -0.0076675271 0.0226372399
0.4100357462 0.2926147601 0.3360354124 -0.9995035922 -0.0204949978 -0.0076918029 0.0226574266
0.4100370338 0.2926172981 0.3360552209 -0.9995030955 -0.0204975991 -0.0077124508 0.0226699959
0.4100372496 0.2927060752 0.3360001601 -0.9995014952 -0.0204732646 -0.0076961117 0.0227676853
0.4100374356 0.2927826073 0.3359526938 -0.9995001156 -0.0204522867 -0.0076820262 0.0228519002
0.4100374356 0.2927826073 0.3359526938 -0.9995001156 -0.0204522867 -0.0076820262 0.0228519002
0.4102603861 0.2927655799 0.3356236597 -0.9995064658 -0.0203727363 -0.0076669388 0.0226480143
0.4105470367 0.2927436875 0.3352006158 -0.9995146303 -0.0202704572 -0.0076475408 0.0223858753
0.4105470367 0.2927436875 0.3352006158 -0.9995146303 -0.0202704572 -0.0076475408 0.0223858753
0.4107883430 0.2929564541 0.3346527738 -0.9995183459 -0.0200874747 -0.0075478341 0.0224161914
0.4114088448 0.2935035681 0.3332440371 -0.9995279003 -0.0196169480 -0.0072914456 0.0224941470
0.4114088448 0.2935035681 0.3332440371 -0.9995279003 -0.0196169480 -0.0072914456 0.0224941470
0.4122353647 0.2938846422 0.3316952231 -0.9995436186 -0.0191505704 -0.0071362145 0.0222393353
0.4130343340 0.2942530138 0.3301980362 -0.9995588130 -0.0186997387 -0.0069861577 0.0219930174
0.4140372967 0.2948261987 0.3280413257 -0.9995783050 -0.0180704838 -0.0066295854 0.0217274296
0.4151132022 0.2954410698 0.3257277636 -0.9995992146 -0.0173954649 -0.0062470806 0.0214425264
0.4157179287 0.2958121936 0.3244732303 -0.9996082749 -0.0170335112 -0.0061132524 0.0213373921
0.4176076988 0.2969719555 0.3205528137 -0.9996365881 -0.0159024059 -0.0056950392 0.0210088475
0.4176076988 0.2969719555 0.3205528137 -0.9996365881 -0.0159024059 -0.0056950392 0.0210088475
0.4182802518 0.2973560398 0.3190823046 -0.9996473449 -0.0155131444 -0.0055081932 0.0208208650
0.4203399453 0.2985322981 0.3145788703 -0.9996802876 -0.0143210310 -0.0049359775 0.0202451689
0.4203399453 0.2985322981 0.3145788703 -0.9996802876 -0.0143210310 -0.0049359775 0.0202451689
0.4215776343 0.2993082412 0.3117431135 -0.9996976602 -0.0136223777 -0.0045978121 0.0199255040
0.4230758894 0.3002475408 0.3083103554 -0.9997186903 -0.0127766395 -0.0041884539 0.0195385412
0.4230758894 0.3002475408 0.3083103554 -0.9997186903 -0.0127766395 -0.0041884539 0.0195385412
0.4244456348 0.3011664182 0.3051827938 -0.9997338917 -0.0120611795 -0.0039484336 0.0192478010
0.4257795949 0.3020587518 0.3021264998 -0.9997488196 -0.0113658335 -0.0037089577 0.0189558724
0.4276765559 0.3033815349 0.2973131407 -0.9997721928 -0.0104082090 -0.0031568953 0.0183614008
0.4280696785 0.3036980061 0.2962537896 -0.9997766079 -0.0102070568 -0.0030238853 0.0182594172
0.4280696785 0.3036980061 0.2962537896 -0.9997766079 -0.0102070568 -0.0030238853 0.0182594172
0.4300902528 0.3051666263 0.2913619157 -0.9997953628 -0.0093889567 -0.0028200103 0.0176927603
0.4302739414 0.3053001372 0.2909171999 -0.9997970678 -0.0093145840 -0.0028014762 0.0176412460
0.4302739414 0.3053001372 0.2909171999 -0.9997970678 -0.0093145840 -0.0028014762 0.0176412460
0.4321379971 0.3070707116 0.2856449021 -0.9998114931 -0.0084864930 -0.0023692435 0.0173011884
0.4321631870 0.3070946382 0.2855736548 -0.9998116880 -0.0084753026 -0.0023634026 0.0172965930
0.4321928368 0.3071151709 0.2854998054 -0.9998119674 -0.0084661227 -0.0023617963 0.0172849358
0.4342485110 0.3085404835 0.2801525593 -0.9998327402 -0.0077806938 -0.0021137569 0.0164159822
0.4342485110 0.3085404835 0.2801525593 -0.9998327402 -0.0077806938 -0.0021137569 0.0164159822
0.4354508075 0.3097144493 0.2766166997 -0.9998400108 -0.0072703740 -0.0019100190 0.0162239716
0.4363584662 0.3105646527 0.2739682074 -0.9998459801 -0.0068978879 -0.0017581412 0.0160406166
0.4379752681 0.3117335771 0.2693648449 -0.9998610336 -0.0063421426 -0.0014945730 0.0153420705
0.4384990666 0.3122395315 0.2677468420 -0.9998641021 -0.0061079626 -0.0013952124 0.0152487197
0.4384990666 0.3122395315 0.2677468420 -0.9998641021 -0.0061079626 -0.0013952124 0.0152487197
0.4399248285 0.3134122806 0.2634616253 -0.9998743767 -0.0055870336 -0.0011924435 0.0147741172
0.4407713746 0.3141086004 0.2609172778 -0.9998804773 -0.0052777320 -0.0010720495 0.0144923220
0.4407713746 0.3141086004 0.2609172778 -0.9998804773 -0.0052777320 -0.0010720495 0.0144923220
0.4415403531 0.3148277907 0.2584111813 -0.9998847836 -0.0049645121 -0.0009387221 0.0143043969
0.4429445746 0.3161410948 0.2538348310 -0.9998926474 -0.0043925451 -0.0006952546 0.0139612294
0.4429445746 0.3161410948 0.2538348310 -0.9998926474 -0.0043925451 -0.0006952546 0.0139612294
0.4437816345 0.3167191478 0.2512319496 -0.9998991297 -0.0041290933 -0.0005948924 0.0135616809
0.4453764558 0.3178746949 0.2462080126 -0.9999108081 -0.0036116509 -0.0004022728 0.0128507081
0.4468244645 0.3193325109 0.2409920325 -0.9999168351 -0.0030115070 -0.0001468397 0.0125368091
0.4471371906 0.3196438290 0.2398225143 -0.9999183199 -0.0028790668 -0.0000718921 0.0124522853
0.4471371906 0.3196438290 0.2398225143 -0.9999183199 -0.0028790668 -0.0000718921 0.0124522853
0.4489384365 0.3208879598 0.2339413533 -0.9999296599 -0.0023419704 0.0000358856 0.0116214010
0.4491786026 0.3210538439 0.2331571985 -0.9999311720 -0.0022703575 0.0000502560 0.0115106164
0.4491786026 0.3210538439 0.2331571985 -0.9999311720 -0.0022703575 0.0000502560 0.0115106164
0.4508507610 0.3225636106 0.2266954310 -0.9999393084 -0.0016459703 0.0003870847 0.0108839047
0.4509647718 0.3226665492 0.2262548559 -0.9999398631 -0.0016033985 0.0004100503 0.0108411743
0.4510398042 0.3227274362 0.2259850140 -0.9999401650 -0.0015789058 0.0004115810 0.0108154047
0.4528780982 0.3242191667 0.2193738854 -0.9999475613 -0.0009788345 0.0004490817 0.0101840474
0.4528780982 0.3242191667 0.2193738854 -0.9999475613 -0.0009788345 0.0004490817 0.0101840474
0.4540328498 0.3251174758 0.2146489407 -0.9999535650 -0.0005954582 0.0006835713 0.0095770982
0.4546910583 0.3256295120 0.2119557223 -0.9999569872 -0.0003769338 0.0008172304 0.0092311371
0.4555302004 0.3263469784 0.2087188079 -0.9999591872 -0.0000906432 0.0007878050 0.0089944039
0.4564816527 0.3272208119 0.2046768405 -0.9999620278 0.0002442335 0.0008769635 0.0086668445
0.4564816527 0.3272208119 0.2046768405 -0.9999620278 0.0002442335 0.0008769635 0.0086668445
0.4576316602 0.3280792383 0.1997160372 -0.9999668014 0.0005939474 0.0010262726 0.0080459035
0.4581816638 0.3284897900 0.1973434790 -0.9999690844 0.0007612019 0.0010976814 0.0077489317
0.4581816638 0.3284897900 0.1973434790 -0.9999690844 0.0007612019 0.0010976814 0.0077489317
0.4589041395 0.3291138047 0.1940004988 -0.9999710806 0.0010050079 0.0011746303 0.0074343323
0.4596903630 0.3297928795 0.1903625497 -0.9999732530 0.0012703262 0.0012583688 0.0070919740
0.4596903630 0.3297928795 0.1903625497 -0.9999732530 0.0012703262 0.0012583688 0.0070919740
0.4605040506 0.3304352406 0.1867062834 -0.9999753675 0.0015020424 0.0012527947 0.0067305664
0.4611143163 0.3309170114 0.1839640836 -0.9999769534 0.0016758296 0.0012486142 0.0064595107
0.4617653447 0.3314289658 0.1805728685 -0.9999789333 0.0018686601 0.0013781426 0.0060479420
0.4622906787 0.3318393779 0.1777917158 -0.9999805365 0.0020318193 0.0014998570 0.0057051452
0.4622906787 0.3318393779 0.1777917158 -0.9999805365 0.0020318193 0.0014998570 0.0057051452
0.4632238069 0.3326016893 0.1734977567 -0.9999820168 0.0022718574 0.0013602626 0.0053756547
0.4635089294 0.3328346178 0.1721857136 -0.9999824691 0.0023452023 0.0013176087 0.0052749770
0.4635089294 0.3328346178 0.1721857136 -0.9999824691 0.0023452023 0.0013176087 0.0052749770
0.4642745304 0.3334356299 0.1675974297 -0.9999844730 0.0025638759 0.0015459082 0.0046841073
0.4645297307 0.3336359673 0.1660680018 -0.9999851409 0.0026367670 0.0016220080 0.0044871508
0.4645297307 0.3336359673 0.1660680018 -0.9999851409 0.0026367670 0.0016220080 0.0044871508
0.4656474888 0.3344888260 0.1604512883 -0.9999867276 0.0029027122 0.0014727635 0.0039907720
0.4657254720 0.3345483278 0.1600594246 -0.9999868383 0.0029212665 0.0014623511 0.0039561410
0.4657254720 0.3345483278 0.1600594246 -0.9999868383 0.0029212665 0.0014623511 0.0039561410
0.4665826056 0.3353157350 0.1542868040 -0.9999879657 0.0031700651 0.0016827883 0.0033348257
0.4669412765 0.3355822021 0.1521377208 -0.9999884153 0.0032536736 0.0016953427 0.0031010990
0.4678389676 0.3361647881 0.1470319743 -0.9999895691 0.0034356704 0.0016538084 0.0025144950
0.4678389676 0.3361647881 0.1470319743 -0.9999895691 0.0034356704 0.0016538084 0.0025144950
0.4680351560 0.3363644918 0.1455753469 -0.5471640842 0.0018224244 0.0008792464 0.0014950490
0.4687054663 0.3370468127 0.1405985365 0.9999896561 -0.0036894994 -0.0017671737 -0.0019880580
0.4687054663 0.3370468127 0.1405985365 0.9999896561 -0.0036894994 -0.0017671737 -0.0019880580
0.4691314266 0.3372843356 0.1377979456 0.9999899382 -0.0037612593 -0.0017887081 -0.0016176972
0.4696085022 0.3375503613 0.1346612838 0.9999902542 -0.0038416303 -0.0018128267 -0.0012028932
0.4696085022 0.3375503613 0.1346612838 0.9999902542 -0.0038416303 -0.0018128267 -0.0012028932
0.4699016940 0.3378574109 0.1323771413 0.9999901145 -0.0039218246 -0.0018009325 -0.0010539893
0.4702681837 0.3382412229 0.1295219631 0.9999899398 -0.0040220675 -0.0017860647 -0.0008678595
0.4704942364 0.3383557478 0.1278180094 0.9999898811 -0.0040571948 -0.0018171875 -0.0006324681
0.4707985752 0.3385412327 0.1252915948 0.9999897196 -0.0041090060 -0.0018947189 -0.0002945692
0.4707985752 0.3385412327 0.1252915948 0.9999897196 -0.0041090060 -0.0018947189 -0.0002945692
0.4710973489 0.3387881697 0.1232290456 0.9999896771 -0.0041648358 -0.0018065041 -0.0001585231
0.4712115859 0.3388825867 0.1224404239 0.9999896608 -0.0041861825 -0.0017727750 -0.0001065055
0.4712115859 0.3388825867 0.1224404239 0.9999896608 -0.0041861825 -0.0017727750 -0.0001065055
0.4712299184 0.3389071170 0.1221858718 0.9999895983 -0.0041934275 -0.0017904602 -0.0000803023
0.4714676552 0.3390564631 0.1202339098 0.9999895600 -0.0041929197 -0.0018078717 0.0001757089
0.4714955204 0.3390633880 0.1202569615 0.9999896268 -0.0041962022 -0.0017647409 0.0001009992
0.4715467725 0.3390761248 0.1202993600 0.9999897496 -0.0042022397 -0.0016854111 -0.0000364133
0.4715527984 0.3390621841 0.1202946900 0.9999897446 -0.0042019709 -0.0016889387 -0.0000360174
0.4720410606 0.3380613668 0.1200580291 0.9999896249 -0.0041732428 -0.0018233710 0.0000919219
0.4720606539 0.3380231918 0.1200507187 0.9999896244 -0.0041719827 -0.0018264299 0.0000985348
0.4720606539 0.3380231918 0.1200507187 0.9999896244 -0.0041719827 -0.0018264299 0.0000985348
0.4730613037 0.3363477436 0.1198276222 0.9999898493 -0.0041410451 -0.0017735511 -0.0000432431
0.4733028399 0.3359433251 0.1197737713 0.9999899035 -0.0041335774 -0.0017607872 -0.0000774653
0.4733028399 0.3359433251 0.1197737713 0.9999899035 -0.0041335774 -0.0017607872 -0.0000774653
0.4752138712 0.3323299561 0.1191558708 0.9999900030 -0.0040257733 -0.0019378494 0.0001639128
0.4753063405 0.3321551157 0.1191259724 0.9999900078 -0.0040205569 -0.0019464169 0.0001755924
0.4753063405 0.3321551157 0.1191259724 0.9999900078 -0.0040205569 -0.0019464169 0.0001755924
0.4779081767 0.3273966176 0.1184122983 0.9999903967 -0.0039015903 -0.0019914826 0.0001345509
0.4784890101 0.3262706909 0.1182369670 0.9999904471 -0.0038655203 -0.0020281443 0.0001837192
0.4809430527 0.3215731365 0.1175323160 0.9999907504 -0.0037240127 -0.0021277199 0.0003219381
0.4809430527 0.3215731365 0.1175323160 0.9999907504 -0.0037240127 -0.0021277199 0.0003219381
0.4817892840 0.3199050989 0.1172819388 0.9999908354 -0.0036744416 -0.0021652022 0.0003550036
0.4840861973 0.3153775681 0.1166023434 0.9999910661 -0.0035398914 -0.0022669396 0.0004447531
0.4840861973 0.3153775681 0.1166023434 0.9999910661 -0.0035398914 -0.0022669396 0.0004447531
0.4848910130 0.3137870075 0.1163927708 0.9999912440 -0.0034893956 -0.0022648239 0.0004463509
0.4871665269 0.3092944460 0.1158037758 0.9999917600 -0.0033467922 -0.0022541065 0.0004449678
0.4871665269 0.3092944460 0.1158037758 0.9999917600 -0.0033467922 -0.0022541065 0.0004449678
0.4882272827 0.3070513024 0.1154805073 0.9999918280 -0.0032682937 -0.0023151541 0.0005254412
0.4899244920 0.3034622725 0.1149632778 0.9999919368 -0.0031426960 -0.0024128304 0.0006541987
0.4899244920 0.3034622725 0.1149632778 0.9999919368 -0.0031426960 -0.0024128304 0.0006541987
0.4917371981 0.2998326379 0.1145844766 0.9999927119 -0.0030187865 -0.0022738331 0.0005242141
0.4923677046 0.2985701564 0.1144527197 0.9999929815 -0.0029756875 -0.0022254862 0.0004790021
0.4942268445 0.2944548225 0.1139053229 0.9999931968 -0.0028105009 -0.0023093450 0.0006076810
0.4944127584 0.2940432891 0.1138505832 0.9999932183 -0.0027939823 -0.0023177308 0.0006205488
0.4945485986 0.2937667766 0.1138269717 0.9999932924 -0.0027837830 -0.0023001393 0.0006053217
0.4963824401 0.2900338579 0.1135082164 0.9999942919 -0.0026460929 -0.0020626533 0.0003997556
0.4963824401 0.2900338579 0.1135082164 0.9999942919 -0.0026460929 -0.0020626533 0.0003997556
0.4963824401 0.2900338579 0.1135082164 0.9999942919 -0.0026460929 -0.0020626533 0.0003997556
0.4979588209 0.2864532085 0.1130646597 0.9999945921 -0.0025046908 -0.0020825736 0.0004465631
0.4983613011 0.2855390002 0.1129514111 0.9999946687 -0.0024685882 -0.0020876596 0.0004585140
0.4983613011 0.2855390002 0.1129514111 0.9999946687 -0.0024685882 -0.0020876596 0.0004585140
0.5000803230 0.2817426883 0.1125939806 0.9999953162 -0.0023150805 -0.0019485272 0.0004444561
0.5008287661 0.2800660132 0.1124284023 0.9999955775 -0.0022485733 -0.0018961832 0.0004346531
0.5029760825 0.2750752426 0.1118779217 0.9999961709 -0.0020602479 -0.0018083717 0.0003786331
0.5029760825 0.2750752426 0.1118779217 0.9999961709 -0.0020602479 -0.0018083717 0.0003786331
0.5032734766 0.2743562012 0.1118041154 0.9999962390 -0.0020287409 -0.0017990734 0.0003982979
0.5054826899 0.2690147510 0.1112558396 0.9999967449 -0.0017946894 -0.0017300001 0.0005443793
0.5054826899 0.2690147510 0.1112558396 0.9999967449 -0.0017946894 -0.0017300001 0.0005443793
0.5062314354 0.2671969221 0.1110751574 0.9999969802 -0.0017250253 -0.0016694276 0.0005044014
0.5078893718 0.2631717294 0.1106750753 0.9999975013 -0.0015707691 -0.0015353027 0.0004158792
0.5078893718 0.2631717294 0.1106750753 0.9999975013 -0.0015707691 -0.0015353027 0.0004158792
0.5082779509 0.2621473440 0.1105636050 0.9999975464 -0.0015246113 -0.0015369037 0.0004522166
0.5101012838 0.2573406124 0.1100405521 0.9999977580 -0.0013080246 -0.0015444162 0.0006227232
0.5101012838 0.2573406124 0.1100405521 0.9999977580 -0.0013080246 -0.0015444162 0.0006227232
0.5116238515 0.2534465773 0.1096904251 0.9999982208 -0.0011469311 -0.0013826043 0.0005631775
0.5120105353 0.2524576160 0.1096015039 0.9999983384 -0.0011060184 -0.0013415093 0.0005480548
0.5133702855 0.2486139213 0.1091506032 0.9999984120 -0.0009417561 -0.0013773815 0.0006251890
0.5134127777 0.2484938058 0.1091365125 0.9999984143 -0.0009366229 -0.0013785025 0.0006275995
0.5134127777 0.2484938058 0.1091365125 0.9999984143 -0.0009366229 -0.0013785025 0.0006275995
0.5143998980 0.2458757191 0.1089385902 0.9999986590 -0.0008102272 -0.0012558085 0.0006687981
0.5144339366 0.2457854402 0.1089317653 0.9999986675 -0.0008058687 -0.0012515777 0.0006702187
0.5144339366 0.2457854402 0.1089317653 0.9999986675 -0.0008058687 -0.0012515777 0.0006702187
0.5148308773 0.2446114458 0.1087481250 0.9999987356 -0.0007760463 -0.0012679928 0.0005641402
0.5148489201 0.2445580825 0.1087397777 0.9999987387 -0.0007746907 -0.0012687389 0.0005593185
0.5148515143 0.2445518547 0.1087400870 0.9999987394 -0.0007738917 -0.0012679366 0.0005607960
0.5150019792 0.2441906470 0.1087580275 0.9999987804 -0.0007275496 -0.0012214040 0.0006464915
0.5149738224 0.2442753885 0.1087428258 0.9999988133 -0.0007498500 -0.0012177949 0.0005623488
0.5149299309 0.2444074856 0.1087191290 0.9999988646 -0.0007846125 -0.0012121688 0.0004311851
0.5149299309 0.2444074856 0.1087191290 0.9999988646 -0.0007846125 -0.0012121688 0.0004311851
0.5149762973 0.2443005044 0.1087454439 0.9999988518 -0.0007543355 -0.0011980262 0.0005346686
0.5149862712 0.2443019327 0.1087532777 0.9999988820 -0.0007486776 -0.0011794331 0.0005333201
0.5149862712 0.2443019327 0.1087532777 0.9999988820 -0.0007486776 -0.0011794331 0.0005333201
0.5150608599 0.2443026345 0.1083979909 0.9999989275 -0.0007629416 -0.0011326896 0.0005289648
0.5150646850 0.2443026705 0.1083797711 0.9999989298 -0.0007636731 -0.0011302925 0.0005287415
0.5150646850 0.2443026705 0.1083797711 0.9999989298 -0.0007636731 -0.0011302925 0.0005287415