2.967183213423072896e+00 1.276242406099159510e+00 7.565743804777675940e-01
2.967183213423072896e+00 1.276242406099159510e+00 7.565743804777675940e-01
2.967183213423072896e+00 1.276242406099159510e+00 7.565743804777675940e-01
2.967183213423072896e+00 1.276242406099159510e+00 7.565743804777675940e-01
2.967183213423072896e+00 1.276242406099159510e+00 7.565743804777675940e-01
2.967183213423072896e+00 1.276242406099159510e+00 7.565743804777675940e-01
2.967183213423072896e+00 1.276242406099159510e+00 7.565743804777675940e-01
2.967183213423072896e+00 1.276242406099159510e+00 7.565743804777675940e-01
2.967183213423072896e+00 1.276242406099159510e+00 7.565743804777675940e-01
2.984807857507032924e+00 1.257919181471335301e+00 7.572729610216313301e-01
2.984807857507032924e+00 1.257919181471335301e+00 7.572729610216313301e-01
2.984807857507032924e+00 1.257919181471335301e+00 7.572729610216313301e-01
2.984807857507032924e+00 1.257919181471335301e+00 7.572729610216313301e-01
2.984807857507032924e+00 1.257919181471335301e+00 7.572729610216313301e-01
2.984807857507032924e+00 1.257919181471335301e+00 7.572729610216313301e-01
2.984807857507032924e+00 1.257919181471335301e+00 7.572729610216313301e-01
2.984807857507032924e+00 1.257919181471335301e+00 7.572729610216313301e-01
2.992036939807224627e+00 1.250510187319073374e+00 7.574528728737022210e-01
2.995132226594546143e+00 1.247337867111406595e+00 7.575299062940464845e-01
2.995132226594546143e+00 1.247337867111406595e+00 7.575299062940464845e-01
2.995132226594546143e+00 1.247337867111406595e+00 7.575299062940464845e-01
3.006089572356223538e+00 1.234577613923649286e+00 7.593328137201269534e-01
3.006089572356223538e+00 1.234577613923649286e+00 7.593328137201269534e-01
3.006089572356223538e+00 1.234577613923649286e+00 7.593328137201269534e-01
3.006089572356223538e+00 1.234577613923649286e+00 7.593328137201269534e-01
3.006089572356223538e+00 1.234577613923649286e+00 7.593328137201269534e-01
3.006089572356223538e+00 1.234577613923649286e+00 7.593328137201269534e-01
3.006089572356223538e+00 1.234577613923649286e+00 7.593328137201269534e-01
3.006089572356223538e+00 1.234577613923649286e+00 7.593328137201269534e-01
3.006089572356223538e+00 1.234577613923649286e+00 7.593328137201269534e-01
3.006089572356223538e+00 1.234577613923649286e+00 7.593328137201269534e-01
3.006089572356223538e+00 1.234577613923649286e+00 7.593328137201269534e-01
3.006089572356223538e+00 1.234577613923649286e+00 7.593328137201269534e-01
3.006089572356223538e+00 1.234577613923649286e+00 7.593328137201269534e-01
3.006089572356223538e+00 1.234577613923649286e+00 7.593328137201269534e-01
3.006089572356223538e+00 1.234577613923649286e+00 7.593328137201269534e-01
3.006089572356223538e+00 1.234577613923649286e+00 7.593328137201269534e-01
3.006089572356223538e+00 1.234577613923649286e+00 7.593328137201269534e-01
3.006089572356223538e+00 1.234577613923649286e+00 7.593328137201269534e-01
3.006089572356223538e+00 1.234577613923649286e+00 7.593328137201269534e-01
3.006089572356223538e+00 1.234577613923649286e+00 7.593328137201269534e-01
3.006089572356223538e+00 1.234577613923649286e+00 7.593328137201269534e-01
3.006089572356223538e+00 1.234577613923649286e+00 7.593328137201269534e-01
3.020305495377145100e+00 1.219722044302954611e+00 7.599724603198998452e-01
3.034515576393306713e+00 1.204872579051253112e+00 7.606118445554398422e-01
3.034515576393306713e+00 1.204872579051253112e+00 7.606118445554398422e-01
3.034515576393306713e+00 1.204872579051253112e+00 7.606118445554398422e-01
3.034515576393306713e+00 1.204872579051253112e+00 7.606118445554398422e-01
3.034515576393306713e+00 1.204872579051253112e+00 7.606118445554398422e-01
3.034515576393306713e+00 1.204872579051253112e+00 7.606118445554398422e-01
3.034515576393306713e+00 1.204872579051253112e+00 7.606118445554398422e-01
3.034515576393306713e+00 1.204872579051253112e+00 7.606118445554398422e-01
3.034515576393306713e+00 1.204872579051253112e+00 7.606118445554398422e-01
3.034515576393306713e+00 1.204872579051253112e+00 7.606118445554398422e-01
3.034515576393306713e+00 1.204872579051253112e+00 7.606118445554398422e-01
3.034515576393306713e+00 1.204872579051253112e+00 7.606118445554398422e-01
3.034515576393306713e+00 1.204872579051253112e+00 7.606118445554398422e-01
3.034515576393306713e+00 1.204872579051253112e+00 7.606118445554398422e-01
3.034515576393306713e+00 1.204872579051253112e+00 7.606118445554398422e-01
3.034515576393306713e+00 1.204872579051253112e+00 7.606118445554398422e-01
3.034515576393306713e+00 1.204872579051253112e+00 7.606118445554398422e-01
3.034515576393306713e+00 1.204872579051253112e+00 7.606118445554398422e-01
3.034515576393306713e+00 1.204872579051253112e+00 7.606118445554398422e-01
3.034515576393306713e+00 1.204872579051253112e+00 7.606118445554398422e-01
3.034515576393306713e+00 1.204872579051253112e+00 7.606118445554398422e-01
3.054074944194734798e+00 1.182949103697738646e+00 7.629759521075268891e-01
3.063843383918674945e+00 1.171999968705197182e+00 7.641566473761275402e-01
3.063843383918674945e+00 1.171999968705197182e+00 7.641566473761275402e-01
3.063843383918674945e+00 1.171999968705197182e+00 7.641566473761275402e-01
3.063843383918674945e+00 1.171999968705197182e+00 7.641566473761275402e-01
3.063843383918674945e+00 1.171999968705197182e+00 7.641566473761275402e-01
3.063843383918674945e+00 1.171999968705197182e+00 7.641566473761275402e-01
3.063843383918674945e+00 1.171999968705197182e+00 7.641566473761275402e-01
3.063843383918674945e+00 1.171999968705197182e+00 7.641566473761275402e-01
3.063843383918674945e+00 1.171999968705197182e+00 7.641566473761275402e-01
3.063843383918674945e+00 1.171999968705197182e+00 7.641566473761275402e-01
3.063843383918674945e+00 1.171999968705197182e+00 7.641566473761275402e-01
3.063843383918674945e+00 1.171999968705197182e+00 7.641566473761275402e-01
3.063843383918674945e+00 1.171999968705197182e+00 7.641566473761275402e-01
3.063843383918674945e+00 1.171999968705197182e+00 7.641566473761275402e-01
3.063843383918674945e+00 1.171999968705197182e+00 7.641566473761275402e-01
3.063843383918674945e+00 1.171999968705197182e+00 7.641566473761275402e-01
3.063843383918674945e+00 1.171999968705197182e+00 7.641566473761275402e-01
3.063843383918674945e+00 1.171999968705197182e+00 7.641566473761275402e-01
3.063843383918674945e+00 1.171999968705197182e+00 7.641566473761275402e-01
3.063843383918674945e+00 1.171999968705197182e+00 7.641566473761275402e-01
3.063843383918674945e+00 1.171999968705197182e+00 7.641566473761275402e-01
3.087622635129798621e+00 1.146639156438219898e+00 7.657382084319813709e-01
3.095558373984301781e+00 1.138175610437696106e+00 7.662660155780018911e-01
3.095558373984301781e+00 1.138175610437696106e+00 7.662660155780018911e-01
3.095558373984301781e+00 1.138175610437696106e+00 7.662660155780018911e-01
3.095558373984301781e+00 1.138175610437696106e+00 7.662660155780018911e-01
3.095558373984301781e+00 1.138175610437696106e+00 7.662660155780018911e-01
3.095558373984301781e+00 1.138175610437696106e+00 7.662660155780018911e-01
3.095558373984301781e+00 1.138175610437696106e+00 7.662660155780018911e-01
3.095558373984301781e+00 1.138175610437696106e+00 7.662660155780018911e-01
3.110565309264707423e+00 1.120783986299725754e+00 7.686507044355670448e-01
3.110565309264707423e+00 1.120783986299725754e+00 7.686507044355670448e-01
3.110565309264707423e+00 1.120783986299725754e+00 7.686507044355670448e-01
3.110565309264707423e+00 1.120783986299725754e+00 7.686507044355670448e-01
3.110565309264707423e+00 1.120783986299725754e+00 7.686507044355670448e-01
3.125859399110923587e+00 1.103087710348478634e+00 7.710528905405982236e-01
3.125859399110923587e+00 1.103087710348478634e+00 7.710528905405982236e-01
3.125859399110923587e+00 1.103087710348478634e+00 7.710528905405982236e-01
3.125859399110923587e+00 1.103087710348478634e+00 7.710528905405982236e-01
3.125859399110923587e+00 1.103087710348478634e+00 7.710528905405982236e-01
3.125859399110923587e+00 1.103087710348478634e+00 7.710528905405982236e-01
3.125859399110923587e+00 1.103087710348478634e+00 7.710528905405982236e-01
3.125859399110923587e+00 1.103087710348478634e+00 7.710528905405982236e-01
3.125859399110923587e+00 1.103087710348478634e+00 7.710528905405982236e-01
3.125859399110923587e+00 1.103087710348478634e+00 7.710528905405982236e-01
3.125859399110923587e+00 1.103087710348478634e+00 7.710528905405982236e-01
3.125859399110923587e+00 1.103087710348478634e+00 7.710528905405982236e-01
3.125859399110923587e+00 1.103087710348478634e+00 7.710528905405982236e-01
3.125859399110923587e+00 1.103087710348478634e+00 7.710528905405982236e-01
3.125859399110923587e+00 1.103087710348478634e+00 7.710528905405982236e-01
3.125859399110923587e+00 1.103087710348478634e+00 7.710528905405982236e-01
3.125859399110923587e+00 1.103087710348478634e+00 7.710528905405982236e-01
3.125859399110923587e+00 1.103087710348478634e+00 7.710528905405982236e-01
3.125859399110923587e+00 1.103087710348478634e+00 7.710528905405982236e-01
3.125859399110923587e+00 1.103087710348478634e+00 7.710528905405982236e-01
3.138035635070964169e+00 1.089896793893476490e+00 7.720675710355593413e-01
3.155140676497206087e+00 1.071366340686882523e+00 7.734929828159113896e-01
3.155140676497206087e+00 1.071366340686882523e+00 7.734929828159113896e-01
3.155140676497206087e+00 1.071366340686882523e+00 7.734929828159113896e-01
3.155140676497206087e+00 1.071366340686882523e+00 7.734929828159113896e-01
3.155140676497206087e+00 1.071366340686882523e+00 7.734929828159113896e-01
3.155140676497206087e+00 1.071366340686882523e+00 7.734929828159113896e-01
3.155140676497206087e+00 1.071366340686882523e+00 7.734929828159113896e-01
3.155140676497206087e+00 1.071366340686882523e+00 7.734929828159113896e-01
3.155140676497206087e+00 1.071366340686882523e+00 7.734929828159113896e-01
3.155140676497206087e+00 1.071366340686882523e+00 7.734929828159113896e-01
3.155140676497206087e+00 1.071366340686882523e+00 7.734929828159113896e-01
3.155140676497206087e+00 1.071366340686882523e+00 7.734929828159113896e-01
3.155140676497206087e+00 1.071366340686882523e+00 7.734929828159113896e-01
3.155140676497206087e+00 1.071366340686882523e+00 7.734929828159113896e-01
3.155140676497206087e+00 1.071366340686882523e+00 7.734929828159113896e-01
3.155140676497206087e+00 1.071366340686882523e+00 7.734929828159113896e-01
3.155140676497206087e+00 1.071366340686882523e+00 7.734929828159113896e-01
3.155140676497206087e+00 1.071366340686882523e+00 7.734929828159113896e-01
3.155140676497206087e+00 1.071366340686882523e+00 7.734929828159113896e-01
3.155140676497206087e+00 1.071366340686882523e+00 7.734929828159113896e-01
3.155140676497206087e+00 1.071366340686882523e+00 7.734929828159113896e-01
3.170118828563968982e+00 1.053774640690713804e+00 7.761065307453174356e-01
3.182641928150746313e+00 1.039066376362146382e+00 7.782916954871075266e-01
3.182641928150746313e+00 1.039066376362146382e+00 7.782916954871075266e-01
3.182641928150746313e+00 1.039066376362146382e+00 7.782916954871075266e-01
3.182641928150746313e+00 1.039066376362146382e+00 7.782916954871075266e-01
3.182641928150746313e+00 1.039066376362146382e+00 7.782916954871075266e-01
3.182641928150746313e+00 1.039066376362146382e+00 7.782916954871075266e-01
3.182641928150746313e+00 1.039066376362146382e+00 7.782916954871075266e-01
3.182641928150746313e+00 1.039066376362146382e+00 7.782916954871075266e-01
3.182641928150746313e+00 1.039066376362146382e+00 7.782916954871075266e-01
3.182641928150746313e+00 1.039066376362146382e+00 7.782916954871075266e-01
3.182641928150746313e+00 1.039066376362146382e+00 7.782916954871075266e-01
3.182641928150746313e+00 1.039066376362146382e+00 7.782916954871075266e-01
3.182641928150746313e+00 1.039066376362146382e+00 7.782916954871075266e-01
3.182641928150746313e+00 1.039066376362146382e+00 7.782916954871075266e-01
3.182641928150746313e+00 1.039066376362146382e+00 7.782916954871075266e-01
3.182641928150746313e+00 1.039066376362146382e+00 7.782916954871075266e-01
3.182641928150746313e+00 1.039066376362146382e+00 7.782916954871075266e-01
3.182641928150746313e+00 1.039066376362146382e+00 7.782916954871075266e-01
3.182641928150746313e+00 1.039066376362146382e+00 7.782916954871075266e-01
3.182641928150746313e+00 1.039066376362146382e+00 7.782916954871075266e-01
3.190592289242251134e+00 1.030399767982914883e+00 7.790079427748337615e-01
3.210564374767081564e+00 1.008628398059251197e+00 7.808072271736671288e-01
3.210564374767081564e+00 1.008628398059251197e+00 7.808072271736671288e-01
3.210564374767081564e+00 1.008628398059251197e+00 7.808072271736671288e-01
3.210564374767081564e+00 1.008628398059251197e+00 7.808072271736671288e-01
3.210564374767081564e+00 1.008628398059251197e+00 7.808072271736671288e-01
3.210564374767081564e+00 1.008628398059251197e+00 7.808072271736671288e-01
3.210564374767081564e+00 1.008628398059251197e+00 7.808072271736671288e-01
3.210564374767081564e+00 1.008628398059251197e+00 7.808072271736671288e-01
3.210564374767081564e+00 1.008628398059251197e+00 7.808072271736671288e-01
3.210564374767081564e+00 1.008628398059251197e+00 7.808072271736671288e-01
3.210564374767081564e+00 1.008628398059251197e+00 7.808072271736671288e-01
3.210564374767081564e+00 1.008628398059251197e+00 7.808072271736671288e-01
3.210564374767081564e+00 1.008628398059251197e+00 7.808072271736671288e-01
3.210564374767081564e+00 1.008628398059251197e+00 7.808072271736671288e-01
3.224490107907485026e+00 9.922694914388757725e-01 7.832404006536392016e-01
3.239668960267581888e+00 9.744385149379244382e-01 7.858925247944932302e-01
3.239668960267581888e+00 9.744385149379244382e-01 7.858925247944932302e-01
3.239668960267581888e+00 9.744385149379244382e-01 7.858925247944932302e-01
3.239668960267581888e+00 9.744385149379244382e-01 7.858925247944932302e-01
3.239668960267581888e+00 9.744385149379244382e-01 7.858925247944932302e-01
3.239668960267581888e+00 9.744385149379244382e-01 7.858925247944932302e-01
3.239668960267581888e+00 9.744385149379244382e-01 7.858925247944932302e-01
3.239668960267581888e+00 9.744385149379244382e-01 7.858925247944932302e-01
3.239668960267581888e+00 9.744385149379244382e-01 7.858925247944932302e-01
3.239668960267581888e+00 9.744385149379244382e-01 7.858925247944932302e-01
3.239668960267581888e+00 9.744385149379244382e-01 7.858925247944932302e-01
3.239668960267581888e+00 9.744385149379244382e-01 7.858925247944932302e-01
3.239668960267581888e+00 9.744385149379244382e-01 7.858925247944932302e-01
3.239668960267581888e+00 9.744385149379244382e-01 7.858925247944932302e-01
3.239668960267581888e+00 9.744385149379244382e-01 7.858925247944932302e-01
3.255888122330352630e+00 9.566244239956857021e-01 7.874874536739617792e-01
3.255888122330352630e+00 9.566244239956857021e-01 7.874874536739617792e-01
3.255888122330352630e+00 9.566244239956857021e-01 7.874874536739617792e-01
3.262064605602547296e+00 9.495948661620617903e-01 7.883405282353912469e-01
3.273213419525249801e+00 9.369062163776585850e-01 7.898803640970913920e-01
3.273213419525249801e+00 9.369062163776585850e-01 7.898803640970913920e-01
3.273213419525249801e+00 9.369062163776585850e-01 7.898803640970913920e-01
3.273213419525249801e+00 9.369062163776585850e-01 7.898803640970913920e-01
3.273213419525249801e+00 9.369062163776585850e-01 7.898803640970913920e-01
3.273213419525249801e+00 9.369062163776585850e-01 7.898803640970913920e-01
3.273213419525249801e+00 9.369062163776585850e-01 7.898803640970913920e-01
3.273213419525249801e+00 9.369062163776585850e-01 7.898803640970913920e-01
3.273213419525249801e+00 9.369062163776585850e-01 7.898803640970913920e-01
3.273213419525249801e+00 9.369062163776585850e-01 7.898803640970913920e-01
3.273213419525249801e+00 9.369062163776585850e-01 7.898803640970913920e-01
3.273213419525249801e+00 9.369062163776585850e-01 7.898803640970913920e-01
3.273213419525249801e+00 9.369062163776585850e-01 7.898803640970913920e-01
3.273213419525249801e+00 9.369062163776585850e-01 7.898803640970913920e-01
3.273213419525249801e+00 9.369062163776585850e-01 7.898803640970913920e-01
3.273213419525249801e+00 9.369062163776585850e-01 7.898803640970913920e-01
3.273213419525249801e+00 9.369062163776585850e-01 7.898803640970913920e-01
3.273213419525249801e+00 9.369062163776585850e-01 7.898803640970913920e-01
3.273213419525249801e+00 9.369062163776585850e-01 7.898803640970913920e-01
3.273213419525249801e+00 9.369062163776585850e-01 7.898803640970913920e-01
3.289915760073103712e+00 9.166187500487594786e-01 7.934654898781370314e-01
3.289915760073103712e+00 9.166187500487594786e-01 7.934654898781370314e-01
3.289915760073103712e+00 9.166187500487594786e-01 7.934654898781370314e-01
3.289915760073103712e+00 9.166187500487594786e-01 7.934654898781370314e-01
3.289915760073103712e+00 9.166187500487594786e-01 7.934654898781370314e-01
3.289915760073103712e+00 9.166187500487594786e-01 7.934654898781370314e-01
3.289915760073103712e+00 9.166187500487594786e-01 7.934654898781370314e-01
3.289915760073103712e+00 9.166187500487594786e-01 7.934654898781370314e-01
3.289915760073103712e+00 9.166187500487594786e-01 7.934654898781370314e-01
3.289915760073103712e+00 9.166187500487594786e-01 7.934654898781370314e-01
3.289915760073103712e+00 9.166187500487594786e-01 7.934654898781370314e-01
3.289915760073103712e+00 9.166187500487594786e-01 7.934654898781370314e-01
3.289915760073103712e+00 9.166187500487594786e-01 7.934654898781370314e-01
3.289915760073103712e+00 9.166187500487594786e-01 7.934654898781370314e-01
3.289915760073103712e+00 9.166187500487594786e-01 7.934654898781370314e-01
3.289915760073103712e+00 9.166187500487594786e-01 7.934654898781370314e-01
3.289915760073103712e+00 9.166187500487594786e-01 7.934654898781370314e-01
3.289915760073103712e+00 9.166187500487594786e-01 7.934654898781370314e-01
3.289915760073103712e+00 9.166187500487594786e-01 7.934654898781370314e-01
3.289915760073103712e+00 9.166187500487594786e-01 7.934654898781370314e-01
3.289915760073103712e+00 9.166187500487594786e-01 7.934654898781370314e-01
3.289915760073103712e+00 9.166187500487594786e-01 7.934654898781370314e-01
3.289915760073103712e+00 9.166187500487594786e-01 7.934654898781370314e-01
3.289915760073103712e+00 9.166187500487594786e-01 7.934654898781370314e-01
3.345784849914972714e+00 8.528348853967246956e-01 8.013802646883021463e-01
3.345784849914972714e+00 8.528348853967246956e-01 8.013802646883021463e-01
3.345784849914972714e+00 8.528348853967246956e-01 8.013802646883021463e-01
3.345784849914972714e+00 8.528348853967246956e-01 8.013802646883021463e-01
3.345784849914972714e+00 8.528348853967246956e-01 8.013802646883021463e-01
3.345784849914972714e+00 8.528348853967246956e-01 8.013802646883021463e-01
3.345784849914972714e+00 8.528348853967246956e-01 8.013802646883021463e-01
3.345784849914972714e+00 8.528348853967246956e-01 8.013802646883021463e-01
3.345784849914972714e+00 8.528348853967246956e-01 8.013802646883021463e-01
3.345784849914972714e+00 8.528348853967246956e-01 8.013802646883021463e-01
3.345784849914972714e+00 8.528348853967246956e-01 8.013802646883021463e-01
3.345784849914972714e+00 8.528348853967246956e-01 8.013802646883021463e-01
3.345784849914972714e+00 8.528348853967246956e-01 8.013802646883021463e-01
3.345784849914972714e+00 8.528348853967246956e-01 8.013802646883021463e-01
3.345784849914972714e+00 8.528348853967246956e-01 8.013802646883021463e-01
3.345784849914972714e+00 8.528348853967246956e-01 8.013802646883021463e-01
3.345784849914972714e+00 8.528348853967246956e-01 8.013802646883021463e-01
3.345784849914972714e+00 8.528348853967246956e-01 8.013802646883021463e-01
3.377920138609438627e+00 8.152813400373669639e-01 8.067985213531946309e-01
3.382540493666334136e+00 8.098819572587641069e-01 8.075775490749022012e-01
3.382540493666334136e+00 8.098819572587641069e-01 8.075775490749022012e-01
3.382540493666334136e+00 8.098819572587641069e-01 8.075775490749022012e-01
3.382540493666334136e+00 8.098819572587641069e-01 8.075775490749022012e-01
3.382540493666334136e+00 8.098819572587641069e-01 8.075775490749022012e-01
3.382540493666334136e+00 8.098819572587641069e-01 8.075775490749022012e-01
3.382540493666334136e+00 8.098819572587641069e-01 8.075775490749022012e-01
3.400183927289717190e+00 7.901482030085894559e-01 8.096678697016939097e-01
3.402398072625529402e+00 7.876717344626239514e-01 8.099301929118467580e-01
3.402398072625529402e+00 7.876717344626239514e-01 8.099301929118467580e-01
3.402398072625529402e+00 7.876717344626239514e-01 8.099301929118467580e-01
3.402398072625529402e+00 7.876717344626239514e-01 8.099301929118467580e-01
3.402398072625529402e+00 7.876717344626239514e-01 8.099301929118467580e-01
3.402398072625529402e+00 7.876717344626239514e-01 8.099301929118467580e-01
3.402398072625529402e+00 7.876717344626239514e-01 8.099301929118467580e-01
3.402398072625529402e+00 7.876717344626239514e-01 8.099301929118467580e-01
3.402398072625529402e+00 7.876717344626239514e-01 8.099301929118467580e-01
3.420441462259270260e+00 7.659700437137156870e-01 8.135884940270143861e-01
3.420441462259270260e+00 7.659700437137156870e-01 8.135884940270143861e-01
3.420441462259270260e+00 7.659700437137156870e-01 8.135884940270143861e-01
3.420441462259270260e+00 7.659700437137156870e-01 8.135884940270143861e-01
3.420441462259270260e+00 7.659700437137156870e-01 8.135884940270143861e-01
3.420441462259270260e+00 7.659700437137156870e-01 8.135884940270143861e-01
3.420441462259270260e+00 7.659700437137156870e-01 8.135884940270143861e-01
3.420441462259270260e+00 7.659700437137156870e-01 8.135884940270143861e-01
3.420441462259270260e+00 7.659700437137156870e-01 8.135884940270143861e-01
3.420441462259270260e+00 7.659700437137156870e-01 8.135884940270143861e-01
3.420441462259270260e+00 7.659700437137156870e-01 8.135884940270143861e-01
3.420441462259270260e+00 7.659700437137156870e-01 8.135884940270143861e-01
3.420441462259270260e+00 7.659700437137156870e-01 8.135884940270143861e-01
3.420441462259270260e+00 7.659700437137156870e-01 8.135884940270143861e-01
3.420441462259270260e+00 7.659700437137156870e-01 8.135884940270143861e-01
3.420441462259270260e+00 7.659700437137156870e-01 8.135884940270143861e-01
3.420441462259270260e+00 7.659700437137156870e-01 8.135884940270143861e-01
3.420441462259270260e+00 7.659700437137156870e-01 8.135884940270143861e-01
3.420441462259270260e+00 7.659700437137156870e-01 8.135884940270143861e-01
3.420441462259270260e+00 7.659700437137156870e-01 8.135884940270143861e-01
3.420441462259270260e+00 7.659700437137156870e-01 8.135884940270143861e-01
3.420441462259270260e+00 7.659700437137156870e-01 8.135884940270143861e-01
3.420441462259270260e+00 7.659700437137156870e-01 8.135884940270143861e-01
3.432405789915051741e+00 7.520380324800033378e-01 8.155561776049445877e-01
3.456495979549839781e+00 7.239859088741295023e-01 8.195181115760309387e-01
3.456495979549839781e+00 7.239859088741295023e-01 8.195181115760309387e-01
3.456495979549839781e+00 7.239859088741295023e-01 8.195181115760309387e-01
3.456495979549839781e+00 7.239859088741295023e-01 8.195181115760309387e-01
3.456495979549839781e+00 7.239859088741295023e-01 8.195181115760309387e-01
3.456495979549839781e+00 7.239859088741295023e-01 8.195181115760309387e-01
3.456495979549839781e+00 7.239859088741295023e-01 8.195181115760309387e-01
3.456495979549839781e+00 7.239859088741295023e-01 8.195181115760309387e-01
3.456495979549839781e+00 7.239859088741295023e-01 8.195181115760309387e-01
3.456495979549839781e+00 7.239859088741295023e-01 8.195181115760309387e-01
3.456495979549839781e+00 7.239859088741295023e-01 8.195181115760309387e-01
3.456495979549839781e+00 7.239859088741295023e-01 8.195181115760309387e-01
3.456495979549839781e+00 7.239859088741295023e-01 8.195181115760309387e-01
3.456495979549839781e+00 7.239859088741295023e-01 8.195181115760309387e-01
3.456495979549839781e+00 7.239859088741295023e-01 8.195181115760309387e-01
3.456495979549839781e+00 7.239859088741295023e-01 8.195181115760309387e-01
3.456495979549839781e+00 7.239859088741295023e-01 8.195181115760309387e-01
3.456495979549839781e+00 7.239859088741295023e-01 8.195181115760309387e-01
3.456495979549839781e+00 7.239859088741295023e-01 8.195181115760309387e-01
3.492680071201230696e+00 6.812472466150021333e-01 8.260726821837666156e-01
3.492680071201230696e+00 6.812472466150021333e-01 8.260726821837666156e-01
3.492680071201230696e+00 6.812472466150021333e-01 8.260726821837666156e-01
3.492680071201230696e+00 6.812472466150021333e-01 8.260726821837666156e-01
3.492680071201230696e+00 6.812472466150021333e-01 8.260726821837666156e-01
3.492680071201230696e+00 6.812472466150021333e-01 8.260726821837666156e-01
3.492680071201230696e+00 6.812472466150021333e-01 8.260726821837666156e-01
3.492680071201230696e+00 6.812472466150021333e-01 8.260726821837666156e-01
3.492680071201230696e+00 6.812472466150021333e-01 8.260726821837666156e-01
3.492680071201230696e+00 6.812472466150021333e-01 8.260726821837666156e-01
3.492680071201230696e+00 6.812472466150021333e-01 8.260726821837666156e-01
3.492680071201230696e+00 6.812472466150021333e-01 8.260726821837666156e-01
3.492680071201230696e+00 6.812472466150021333e-01 8.260726821837666156e-01
3.492680071201230696e+00 6.812472466150021333e-01 8.260726821837666156e-01
3.492680071201230696e+00 6.812472466150021333e-01 8.260726821837666156e-01
3.492680071201230696e+00 6.812472466150021333e-01 8.260726821837666156e-01
3.512446750016225305e+00 6.581233400236847775e-01 8.294299099600901393e-01
3.529998571193008861e+00 6.375968978328256931e-01 8.324045309741656684e-01
3.529998571193008861e+00 6.375968978328256931e-01 8.324045309741656684e-01
3.529998571193008861e+00 6.375968978328256931e-01 8.324045309741656684e-01
3.529998571193008861e+00 6.375968978328256931e-01 8.324045309741656684e-01
3.529998571193008861e+00 6.375968978328256931e-01 8.324045309741656684e-01
3.529998571193008861e+00 6.375968978328256931e-01 8.324045309741656684e-01
3.529998571193008861e+00 6.375968978328256931e-01 8.324045309741656684e-01
3.529998571193008861e+00 6.375968978328256931e-01 8.324045309741656684e-01
3.529998571193008861e+00 6.375968978328256931e-01 8.324045309741656684e-01
3.529998571193008861e+00 6.375968978328256931e-01 8.324045309741656684e-01
3.529998571193008861e+00 6.375968978328256931e-01 8.324045309741656684e-01
3.529998571193008861e+00 6.375968978328256931e-01 8.324045309741656684e-01
3.529998571193008861e+00 6.375968978328256931e-01 8.324045309741656684e-01
3.529998571193008861e+00 6.375968978328256931e-01 8.324045309741656684e-01
3.539394966284588939e+00 6.267208418826748506e-01 8.338841918327354330e-01
3.548827028877308276e+00 6.158035013819955772e-01 8.353694697406964798e-01
3.548827028877308276e+00 6.158035013819955772e-01 8.353694697406964798e-01
3.548827028877308276e+00 6.158035013819955772e-01 8.353694697406964798e-01
3.566278475818058347e+00 5.939678167234390127e-01 8.397537074585031958e-01
3.566278475818058347e+00 5.939678167234390127e-01 8.397537074585031958e-01
3.566278475818058347e+00 5.939678167234390127e-01 8.397537074585031958e-01
3.566278475818058347e+00 5.939678167234390127e-01 8.397537074585031958e-01
3.566278475818058347e+00 5.939678167234390127e-01 8.397537074585031958e-01
3.566278475818058347e+00 5.939678167234390127e-01 8.397537074585031958e-01
3.566278475818058347e+00 5.939678167234390127e-01 8.397537074585031958e-01
3.566278475818058347e+00 5.939678167234390127e-01 8.397537074585031958e-01
3.566278475818058347e+00 5.939678167234390127e-01 8.397537074585031958e-01
3.566278475818058347e+00 5.939678167234390127e-01 8.397537074585031958e-01
3.566278475818058347e+00 5.939678167234390127e-01 8.397537074585031958e-01
3.566278475818058347e+00 5.939678167234390127e-01 8.397537074585031958e-01
3.566278475818058347e+00 5.939678167234390127e-01 8.397537074585031958e-01
3.566278475818058347e+00 5.939678167234390127e-01 8.397537074585031958e-01
3.566278475818058347e+00 5.939678167234390127e-01 8.397537074585031958e-01
3.566278475818058347e+00 5.939678167234390127e-01 8.397537074585031958e-01
3.566278475818058347e+00 5.939678167234390127e-01 8.397537074585031958e-01
3.566278475818058347e+00 5.939678167234390127e-01 8.397537074585031958e-01
3.566278475818058347e+00 5.939678167234390127e-01 8.397537074585031958e-01
3.566278475818058347e+00 5.939678167234390127e-01 8.397537074585031958e-01
3.566278475818058347e+00 5.939678167234390127e-01 8.397537074585031958e-01
3.589620663310081561e+00 5.667477061141510397e-01 8.436316305757673994e-01
3.605311900342706988e+00 5.484496271000256495e-01 8.462384725572678068e-01
3.605311900342706988e+00 5.484496271000256495e-01 8.462384725572678068e-01
3.605311900342706988e+00 5.484496271000256495e-01 8.462384725572678068e-01
3.605311900342706988e+00 5.484496271000256495e-01 8.462384725572678068e-01
3.605311900342706988e+00 5.484496271000256495e-01 8.462384725572678068e-01
3.605311900342706988e+00 5.484496271000256495e-01 8.462384725572678068e-01
3.605311900342706988e+00 5.484496271000256495e-01 8.462384725572678068e-01
3.605311900342706988e+00 5.484496271000256495e-01 8.462384725572678068e-01
3.605311900342706988e+00 5.484496271000256495e-01 8.462384725572678068e-01
3.605311900342706988e+00 5.484496271000256495e-01 8.462384725572678068e-01
3.605311900342706988e+00 5.484496271000256495e-01 8.462384725572678068e-01
3.605311900342706988e+00 5.484496271000256495e-01 8.462384725572678068e-01
3.605311900342706988e+00 5.484496271000256495e-01 8.462384725572678068e-01
3.605311900342706988e+00 5.484496271000256495e-01 8.462384725572678068e-01
3.605311900342706988e+00 5.484496271000256495e-01 8.462384725572678068e-01
3.605311900342706988e+00 5.484496271000256495e-01 8.462384725572678068e-01
3.605311900342706988e+00 5.484496271000256495e-01 8.462384725572678068e-01
3.605311900342706988e+00 5.484496271000256495e-01 8.462384725572678068e-01
3.605311900342706988e+00 5.484496271000256495e-01 8.462384725572678068e-01
3.605311900342706988e+00 5.484496271000256495e-01 8.462384725572678068e-01
3.620110636048489816e+00 5.304650093850395987e-01 8.494243545664713624e-01
3.642469271644190432e+00 5.032929916356112532e-01 8.542377367201982041e-01
3.642469271644190432e+00 5.032929916356112532e-01 8.542377367201982041e-01
3.642469271644190432e+00 5.032929916356112532e-01 8.542377367201982041e-01
3.642469271644190432e+00 5.032929916356112532e-01 8.542377367201982041e-01
3.642469271644190432e+00 5.032929916356112532e-01 8.542377367201982041e-01
3.642469271644190432e+00 5.032929916356112532e-01 8.542377367201982041e-01
3.642469271644190432e+00 5.032929916356112532e-01 8.542377367201982041e-01
3.642469271644190432e+00 5.032929916356112532e-01 8.542377367201982041e-01
3.644647270167427067e+00 5.006883769084995439e-01 8.546643529240736115e-01
3.662222336448499593e+00 4.796707890084604964e-01 8.581068745430393552e-01
3.662222336448499593e+00 4.796707890084604964e-01 8.581068745430393552e-01
3.662222336448499593e+00 4.796707890084604964e-01 8.581068745430393552e-01
3.662222336448499593e+00 4.796707890084604964e-01 8.581068745430393552e-01
3.666304719763004982e+00 4.750304457200905661e-01 8.586648345169045626e-01
3.682708049802777772e+00 4.563851897404871960e-01 8.609067604567359755e-01
3.682708049802777772e+00 4.563851897404871960e-01 8.609067604567359755e-01
3.682708049802777772e+00 4.563851897404871960e-01 8.609067604567359755e-01
3.682708049802777772e+00 4.563851897404871960e-01 8.609067604567359755e-01
3.682708049802777772e+00 4.563851897404871960e-01 8.609067604567359755e-01
3.682708049802777772e+00 4.563851897404871960e-01 8.609067604567359755e-01
3.682708049802777772e+00 4.563851897404871960e-01 8.609067604567359755e-01
3.682708049802777772e+00 4.563851897404871960e-01 8.609067604567359755e-01
3.682708049802777772e+00 4.563851897404871960e-01 8.609067604567359755e-01
3.682708049802777772e+00 4.563851897404871960e-01 8.609067604567359755e-01
3.682708049802777772e+00 4.563851897404871960e-01 8.609067604567359755e-01
3.682708049802777772e+00 4.563851897404871960e-01 8.609067604567359755e-01
3.682708049802777772e+00 4.563851897404871960e-01 8.609067604567359755e-01
3.682708049802777772e+00 4.563851897404871960e-01 8.609067604567359755e-01
3.682708049802777772e+00 4.563851897404871960e-01 8.609067604567359755e-01
3.682708049802777772e+00 4.563851897404871960e-01 8.609067604567359755e-01
3.682708049802777772e+00 4.563851897404871960e-01 8.609067604567359755e-01
3.682708049802777772e+00 4.563851897404871960e-01 8.609067604567359755e-01
3.682708049802777772e+00 4.563851897404871960e-01 8.609067604567359755e-01
3.682708049802777772e+00 4.563851897404871960e-01 8.609067604567359755e-01
3.682708049802777772e+00 4.563851897404871960e-01 8.609067604567359755e-01
3.682708049802777772e+00 4.563851897404871960e-01 8.609067604567359755e-01
3.701631984354974314e+00 4.330146937334367063e-01 8.653533219115892017e-01
3.720701843170544088e+00 4.094639863868995699e-01 8.698341704425560650e-01
3.720701843170544088e+00 4.094639863868995699e-01 8.698341704425560650e-01
3.720701843170544088e+00 4.094639863868995699e-01 8.698341704425560650e-01
3.720701843170544088e+00 4.094639863868995699e-01 8.698341704425560650e-01
3.720701843170544088e+00 4.094639863868995699e-01 8.698341704425560650e-01
3.720701843170544088e+00 4.094639863868995699e-01 8.698341704425560650e-01
3.720701843170544088e+00 4.094639863868995699e-01 8.698341704425560650e-01
3.720701843170544088e+00 4.094639863868995699e-01 8.698341704425560650e-01
3.720701843170544088e+00 4.094639863868995699e-01 8.698341704425560650e-01
3.720701843170544088e+00 4.094639863868995699e-01 8.698341704425560650e-01
3.720701843170544088e+00 4.094639863868995699e-01 8.698341704425560650e-01
3.720701843170544088e+00 4.094639863868995699e-01 8.698341704425560650e-01
3.720701843170544088e+00 4.094639863868995699e-01 8.698341704425560650e-01
3.720701843170544088e+00 4.094639863868995699e-01 8.698341704425560650e-01
3.720701843170544088e+00 4.094639863868995699e-01 8.698341704425560650e-01
3.720701843170544088e+00 4.094639863868995699e-01 8.698341704425560650e-01
3.720701843170544088e+00 4.094639863868995699e-01 8.698341704425560650e-01
3.720701843170544088e+00 4.094639863868995699e-01 8.698341704425560650e-01
3.720701843170544088e+00 4.094639863868995699e-01 8.698341704425560650e-01
3.720701843170544088e+00 4.094639863868995699e-01 8.698341704425560650e-01
3.761963003695631080e+00 3.609838320430683867e-01 8.770531642613004220e-01
3.761963003695631080e+00 3.609838320430683867e-01 8.770531642613004220e-01
3.761963003695631080e+00 3.609838320430683867e-01 8.770531642613004220e-01
3.761963003695631080e+00 3.609838320430683867e-01 8.770531642613004220e-01
3.761963003695631080e+00 3.609838320430683867e-01 8.770531642613004220e-01
3.761963003695631080e+00 3.609838320430683867e-01 8.770531642613004220e-01
3.761963003695631080e+00 3.609838320430683867e-01 8.770531642613004220e-01
3.761963003695631080e+00 3.609838320430683867e-01 8.770531642613004220e-01
3.761963003695631080e+00 3.609838320430683867e-01 8.770531642613004220e-01
3.761963003695631080e+00 3.609838320430683867e-01 8.770531642613004220e-01
3.761963003695631080e+00 3.609838320430683867e-01 8.770531642613004220e-01
3.761963003695631080e+00 3.609838320430683867e-01 8.770531642613004220e-01
3.761963003695631080e+00 3.609838320430683867e-01 8.770531642613004220e-01
3.761963003695631080e+00 3.609838320430683867e-01 8.770531642613004220e-01
3.761963003695631080e+00 3.609838320430683867e-01 8.770531642613004220e-01
3.761963003695631080e+00 3.609838320430683867e-01 8.770531642613004220e-01
3.761963003695631080e+00 3.609838320430683867e-01 8.770531642613004220e-01
3.761963003695631080e+00 3.609838320430683867e-01 8.770531642613004220e-01
3.761963003695631080e+00 3.609838320430683867e-01 8.770531642613004220e-01
3.761963003695631080e+00 3.609838320430683867e-01 8.770531642613004220e-01
3.761963003695631080e+00 3.609838320430683867e-01 8.770531642613004220e-01
3.800452108656089401e+00 3.129206358243788455e-01 8.866272555195324756e-01
3.801398670206779240e+00 3.117386194014198919e-01 8.868627103918012011e-01
3.801398670206779240e+00 3.117386194014198919e-01 8.868627103918012011e-01
3.801398670206779240e+00 3.117386194014198919e-01 8.868627103918012011e-01
3.801398670206779240e+00 3.117386194014198919e-01 8.868627103918012011e-01
3.801398670206779240e+00 3.117386194014198919e-01 8.868627103918012011e-01
3.801398670206779240e+00 3.117386194014198919e-01 8.868627103918012011e-01
3.801398670206779240e+00 3.117386194014198919e-01 8.868627103918012011e-01
3.817576230580467911e+00 2.928221085434734028e-01 8.896016608760588529e-01
3.822994832141791477e+00 2.864861080768232315e-01 8.905190597813850140e-01
3.822994832141791477e+00 2.864861080768232315e-01 8.905190597813850140e-01
3.822994832141791477e+00 2.864861080768232315e-01 8.905190597813850140e-01
3.822994832141791477e+00 2.864861080768232315e-01 8.905190597813850140e-01
3.822994832141791477e+00 2.864861080768232315e-01 8.905190597813850140e-01
3.822994832141791477e+00 2.864861080768232315e-01 8.905190597813850140e-01
3.843711174412645093e+00 2.618869969434013401e-01 8.944018286439535670e-01
3.843711174412645093e+00 2.618869969434013401e-01 8.944018286439535670e-01
3.843711174412645093e+00 2.618869969434013401e-01 8.944018286439535670e-01
3.843711174412645093e+00 2.618869969434013401e-01 8.944018286439535670e-01
3.843711174412645093e+00 2.618869969434013401e-01 8.944018286439535670e-01
3.843711174412645093e+00 2.618869969434013401e-01 8.944018286439535670e-01
3.843711174412645093e+00 2.618869969434013401e-01 8.944018286439535670e-01
3.843711174412645093e+00 2.618869969434013401e-01 8.944018286439535670e-01
3.843711174412645093e+00 2.618869969434013401e-01 8.944018286439535670e-01
3.843711174412645093e+00 2.618869969434013401e-01 8.944018286439535670e-01
3.843711174412645093e+00 2.618869969434013401e-01 8.944018286439535670e-01
3.843711174412645093e+00 2.618869969434013401e-01 8.944018286439535670e-01
3.843711174412645093e+00 2.618869969434013401e-01 8.944018286439535670e-01
3.843711174412645093e+00 2.618869969434013401e-01 8.944018286439535670e-01
3.843711174412645093e+00 2.618869969434013401e-01 8.944018286439535670e-01
3.843711174412645093e+00 2.618869969434013401e-01 8.944018286439535670e-01
3.843711174412645093e+00 2.618869969434013401e-01 8.944018286439535670e-01
3.843711174412645093e+00 2.618869969434013401e-01 8.944018286439535670e-01
3.843711174412645093e+00 2.618869969434013401e-01 8.944018286439535670e-01
3.843711174412645093e+00 2.618869969434013401e-01 8.944018286439535670e-01
3.843711174412645093e+00 2.618869969434013401e-01 8.944018286439535670e-01
3.843711174412645093e+00 2.618869969434013401e-01 8.944018286439535670e-01
3.843711174412645093e+00 2.618869969434013401e-01 8.944018286439535670e-01
3.880873591705067849e+00 2.153621611372084077e-01 9.037642471577235215e-01
3.885039174681067742e+00 2.101471327667045752e-01 9.048136925522277663e-01
3.885039174681067742e+00 2.101471327667045752e-01 9.048136925522277663e-01
3.885039174681067742e+00 2.101471327667045752e-01 9.048136925522277663e-01
3.885039174681067742e+00 2.101471327667045752e-01 9.048136925522277663e-01
3.885039174681067742e+00 2.101471327667045752e-01 9.048136925522277663e-01
3.885039174681067742e+00 2.101471327667045752e-01 9.048136925522277663e-01
3.885039174681067742e+00 2.101471327667045752e-01 9.048136925522277663e-01
3.885039174681067742e+00 2.101471327667045752e-01 9.048136925522277663e-01
3.885039174681067742e+00 2.101471327667045752e-01 9.048136925522277663e-01
3.885039174681067742e+00 2.101471327667045752e-01 9.048136925522277663e-01
3.885039174681067742e+00 2.101471327667045752e-01 9.048136925522277663e-01
3.885039174681067742e+00 2.101471327667045752e-01 9.048136925522277663e-01
3.885039174681067742e+00 2.101471327667045752e-01 9.048136925522277663e-01
3.885039174681067742e+00 2.101471327667045752e-01 9.048136925522277663e-01
3.885039174681067742e+00 2.101471327667045752e-01 9.048136925522277663e-01
3.885039174681067742e+00 2.101471327667045752e-01 9.048136925522277663e-01
3.885039174681067742e+00 2.101471327667045752e-01 9.048136925522277663e-01
3.885039174681067742e+00 2.101471327667045752e-01 9.048136925522277663e-01
3.885039174681067742e+00 2.101471327667045752e-01 9.048136925522277663e-01
3.885039174681067742e+00 2.101471327667045752e-01 9.048136925522277663e-01
3.885039174681067742e+00 2.101471327667045752e-01 9.048136925522277663e-01
3.906574861603790527e+00 1.846073491609920569e-01 9.088177892352177212e-01
3.928328977902550978e+00 1.588085237982607423e-01 9.128624982991884185e-01
3.928328977902550978e+00 1.588085237982607423e-01 9.128624982991884185e-01
3.928328977902550978e+00 1.588085237982607423e-01 9.128624982991884185e-01
3.928328977902550978e+00 1.588085237982607423e-01 9.128624982991884185e-01
3.928328977902550978e+00 1.588085237982607423e-01 9.128624982991884185e-01
3.928328977902550978e+00 1.588085237982607423e-01 9.128624982991884185e-01
3.928328977902550978e+00 1.588085237982607423e-01 9.128624982991884185e-01
3.928328977902550978e+00 1.588085237982607423e-01 9.128624982991884185e-01
3.928328977902550978e+00 1.588085237982607423e-01 9.128624982991884185e-01
3.928328977902550978e+00 1.588085237982607423e-01 9.128624982991884185e-01
3.930966484038340703e+00 1.554088715193982784e-01 9.136246444422611024e-01
3.949351532720632996e+00 1.317111920731345587e-01 9.189372752062323624e-01
3.949351532720632996e+00 1.317111920731345587e-01 9.189372752062323624e-01
3.971338054919280491e+00 1.045087852584509480e-01 9.241531598222687549e-01
3.971338054919280491e+00 1.045087852584509480e-01 9.241531598222687549e-01
3.971338054919280491e+00 1.045087852584509480e-01 9.241531598222687549e-01
3.971338054919280491e+00 1.045087852584509480e-01 9.241531598222687549e-01
3.971338054919280491e+00 1.045087852584509480e-01 9.241531598222687549e-01
3.971338054919280491e+00 1.045087852584509480e-01 9.241531598222687549e-01
3.971338054919280491e+00 1.045087852584509480e-01 9.241531598222687549e-01
3.971338054919280491e+00 1.045087852584509480e-01 9.241531598222687549e-01
3.971338054919280491e+00 1.045087852584509480e-01 9.241531598222687549e-01
3.971338054919280491e+00 1.045087852584509480e-01 9.241531598222687549e-01
3.971338054919280491e+00 1.045087852584509480e-01 9.241531598222687549e-01
3.971338054919280491e+00 1.045087852584509480e-01 9.241531598222687549e-01
3.971338054919280491e+00 1.045087852584509480e-01 9.241531598222687549e-01
3.971338054919280491e+00 1.045087852584509480e-01 9.241531598222687549e-01
3.971338054919280491e+00 1.045087852584509480e-01 9.241531598222687549e-01
3.971338054919280491e+00 1.045087852584509480e-01 9.241531598222687549e-01
3.971338054919280491e+00 1.045087852584509480e-01 9.241531598222687549e-01
3.971338054919280491e+00 1.045087852584509480e-01 9.241531598222687549e-01
