5.300583936522603956e+00 -1.598356203704290213e+00 1.297772267181686034e+00
5.300583936522603956e+00 -1.598356203704290213e+00 1.297772267181686034e+00
5.300583936522603956e+00 -1.598356203704290213e+00 1.297772267181686034e+00
5.300583936522603956e+00 -1.598356203704290213e+00 1.297772267181686034e+00
5.300583936522603956e+00 -1.598356203704290213e+00 1.297772267181686034e+00
5.300583936522603956e+00 -1.598356203704290213e+00 1.297772267181686034e+00
5.300583936522603956e+00 -1.598356203704290213e+00 1.297772267181686034e+00
5.300583936522603956e+00 -1.598356203704290213e+00 1.297772267181686034e+00
5.300583936522603956e+00 -1.598356203704290213e+00 1.297772267181686034e+00
5.300583936522603956e+00 -1.598356203704290213e+00 1.297772267181686034e+00
5.300583936522603956e+00 -1.598356203704290213e+00 1.297772267181686034e+00
5.300583936522603956e+00 -1.598356203704290213e+00 1.297772267181686034e+00
5.300583936522603956e+00 -1.598356203704290213e+00 1.297772267181686034e+00
5.300583936522603956e+00 -1.598356203704290213e+00 1.297772267181686034e+00
5.300583936522603956e+00 -1.598356203704290213e+00 1.297772267181686034e+00
5.300583936522603956e+00 -1.598356203704290213e+00 1.297772267181686034e+00
5.300583936522603956e+00 -1.598356203704290213e+00 1.297772267181686034e+00
5.300583936522603956e+00 -1.598356203704290213e+00 1.297772267181686034e+00
5.300583936522603956e+00 -1.598356203704290213e+00 1.297772267181686034e+00
5.355781871347669920e+00 -1.674026082530786219e+00 1.318244211183116077e+00
5.355781871347669920e+00 -1.674026082530786219e+00 1.318244211183116077e+00
5.355781871347669920e+00 -1.674026082530786219e+00 1.318244211183116077e+00
5.355781871347669920e+00 -1.674026082530786219e+00 1.318244211183116077e+00
5.355781871347669920e+00 -1.674026082530786219e+00 1.318244211183116077e+00
5.355781871347669920e+00 -1.674026082530786219e+00 1.318244211183116077e+00
5.355781871347669920e+00 -1.674026082530786219e+00 1.318244211183116077e+00
5.355781871347669920e+00 -1.674026082530786219e+00 1.318244211183116077e+00
5.355781871347669920e+00 -1.674026082530786219e+00 1.318244211183116077e+00
5.355781871347669920e+00 -1.674026082530786219e+00 1.318244211183116077e+00
5.355781871347669920e+00 -1.674026082530786219e+00 1.318244211183116077e+00
5.355781871347669920e+00 -1.674026082530786219e+00 1.318244211183116077e+00
5.355781871347669920e+00 -1.674026082530786219e+00 1.318244211183116077e+00
5.355781871347669920e+00 -1.674026082530786219e+00 1.318244211183116077e+00
5.355781871347669920e+00 -1.674026082530786219e+00 1.318244211183116077e+00
5.355781871347669920e+00 -1.674026082530786219e+00 1.318244211183116077e+00
5.355781871347669920e+00 -1.674026082530786219e+00 1.318244211183116077e+00
5.355781871347669920e+00 -1.674026082530786219e+00 1.318244211183116077e+00
5.355781871347669920e+00 -1.674026082530786219e+00 1.318244211183116077e+00
5.355781871347669920e+00 -1.674026082530786219e+00 1.318244211183116077e+00
5.355781871347669920e+00 -1.674026082530786219e+00 1.318244211183116077e+00
5.355781871347669920e+00 -1.674026082530786219e+00 1.318244211183116077e+00
5.402555568570267752e+00 -1.733920971086566176e+00 1.331365402516298424e+00
5.402555568570267752e+00 -1.733920971086566176e+00 1.331365402516298424e+00
5.402555568570267752e+00 -1.733920971086566176e+00 1.331365402516298424e+00
5.402555568570267752e+00 -1.733920971086566176e+00 1.331365402516298424e+00
5.402555568570267752e+00 -1.733920971086566176e+00 1.331365402516298424e+00
5.402555568570267752e+00 -1.733920971086566176e+00 1.331365402516298424e+00
5.402555568570267752e+00 -1.733920971086566176e+00 1.331365402516298424e+00
5.402555568570267752e+00 -1.733920971086566176e+00 1.331365402516298424e+00
5.402555568570267752e+00 -1.733920971086566176e+00 1.331365402516298424e+00
5.402555568570267752e+00 -1.733920971086566176e+00 1.331365402516298424e+00
5.402555568570267752e+00 -1.733920971086566176e+00 1.331365402516298424e+00
5.402555568570267752e+00 -1.733920971086566176e+00 1.331365402516298424e+00
5.402555568570267752e+00 -1.733920971086566176e+00 1.331365402516298424e+00
5.402555568570267752e+00 -1.733920971086566176e+00 1.331365402516298424e+00
5.402555568570267752e+00 -1.733920971086566176e+00 1.331365402516298424e+00
5.402555568570267752e+00 -1.733920971086566176e+00 1.331365402516298424e+00
5.402555568570267752e+00 -1.733920971086566176e+00 1.331365402516298424e+00
5.402555568570267752e+00 -1.733920971086566176e+00 1.331365402516298424e+00
5.402555568570267752e+00 -1.733920971086566176e+00 1.331365402516298424e+00
5.402555568570267752e+00 -1.733920971086566176e+00 1.331365402516298424e+00
5.402555568570267752e+00 -1.733920971086566176e+00 1.331365402516298424e+00
5.410710043563280891e+00 -1.745395284077325915e+00 1.334685240514045246e+00
5.434545256058727958e+00 -1.778775256849573827e+00 1.344230000790844759e+00
5.434545256058727958e+00 -1.778775256849573827e+00 1.344230000790844759e+00
5.434545256058727958e+00 -1.778775256849573827e+00 1.344230000790844759e+00
5.434545256058727958e+00 -1.778775256849573827e+00 1.344230000790844759e+00
5.434545256058727958e+00 -1.778775256849573827e+00 1.344230000790844759e+00
5.434545256058727958e+00 -1.778775256849573827e+00 1.344230000790844759e+00
5.434545256058727958e+00 -1.778775256849573827e+00 1.344230000790844759e+00
5.434545256058727958e+00 -1.778775256849573827e+00 1.344230000790844759e+00
5.434545256058727958e+00 -1.778775256849573827e+00 1.344230000790844759e+00
5.434545256058727958e+00 -1.778775256849573827e+00 1.344230000790844759e+00
5.434545256058727958e+00 -1.778775256849573827e+00 1.344230000790844759e+00
5.434545256058727958e+00 -1.778775256849573827e+00 1.344230000790844759e+00
5.434545256058727958e+00 -1.778775256849573827e+00 1.344230000790844759e+00
5.434545256058727958e+00 -1.778775256849573827e+00 1.344230000790844759e+00
5.434545256058727958e+00 -1.778775256849573827e+00 1.344230000790844759e+00
5.434545256058727958e+00 -1.778775256849573827e+00 1.344230000790844759e+00
5.434545256058727958e+00 -1.778775256849573827e+00 1.344230000790844759e+00
5.434545256058727958e+00 -1.778775256849573827e+00 1.344230000790844759e+00
5.434545256058727958e+00 -1.778775256849573827e+00 1.344230000790844759e+00
5.434545256058727958e+00 -1.778775256849573827e+00 1.344230000790844759e+00
5.434545256058727958e+00 -1.778775256849573827e+00 1.344230000790844759e+00
5.434545256058727958e+00 -1.778775256849573827e+00 1.344230000790844759e+00
5.453160094641744671e+00 -1.801334933269233662e+00 1.348174838627489214e+00
5.453160094641744671e+00 -1.801334933269233662e+00 1.348174838627489214e+00
5.453160094641744671e+00 -1.801334933269233662e+00 1.348174838627489214e+00
5.453160094641744671e+00 -1.801334933269233662e+00 1.348174838627489214e+00
5.453160094641744671e+00 -1.801334933269233662e+00 1.348174838627489214e+00
5.453160094641744671e+00 -1.801334933269233662e+00 1.348174838627489214e+00
5.453160094641744671e+00 -1.801334933269233662e+00 1.348174838627489214e+00
5.453160094641744671e+00 -1.801334933269233662e+00 1.348174838627489214e+00
5.453160094641744671e+00 -1.801334933269233662e+00 1.348174838627489214e+00
5.456009818242670839e+00 -1.806616981023741797e+00 1.350607162781070958e+00
5.456366240627214204e+00 -1.807277621844831872e+00 1.350911381217617002e+00
5.457122675027584968e+00 -1.808368525192275422e+00 1.351245850164689788e+00
5.457955065550087248e+00 -1.809568969294161445e+00 1.351613903744073752e+00
5.457955065550087248e+00 -1.809568969294161445e+00 1.351613903744073752e+00
5.457955065550087248e+00 -1.809568969294161445e+00 1.351613903744073752e+00
5.457955065550087248e+00 -1.809568969294161445e+00 1.351613903744073752e+00
5.457955065550087248e+00 -1.809568969294161445e+00 1.351613903744073752e+00
5.457955065550087248e+00 -1.809568969294161445e+00 1.351613903744073752e+00
5.457955065550087248e+00 -1.809568969294161445e+00 1.351613903744073752e+00
5.457955065550087248e+00 -1.809568969294161445e+00 1.351613903744073752e+00
5.457955065550087248e+00 -1.809568969294161445e+00 1.351613903744073752e+00
5.457955065550087248e+00 -1.809568969294161445e+00 1.351613903744073752e+00
5.457955065550087248e+00 -1.809568969294161445e+00 1.351613903744073752e+00
5.457955065550087248e+00 -1.809568969294161445e+00 1.351613903744073752e+00
5.457955065550087248e+00 -1.809568969294161445e+00 1.351613903744073752e+00
5.457955065550087248e+00 -1.809568969294161445e+00 1.351613903744073752e+00
5.457955065550087248e+00 -1.809568969294161445e+00 1.351613903744073752e+00
5.457955065550087248e+00 -1.809568969294161445e+00 1.351613903744073752e+00
5.457955065550087248e+00 -1.809568969294161445e+00 1.351613903744073752e+00
5.457955065550087248e+00 -1.809568969294161445e+00 1.351613903744073752e+00
5.457955065550087248e+00 -1.809568969294161445e+00 1.351613903744073752e+00
5.457955065550087248e+00 -1.809568969294161445e+00 1.351613903744073752e+00
5.456259125753949668e+00 -1.805145176409026275e+00 1.348886050655076385e+00
5.456259125753949668e+00 -1.805145176409026275e+00 1.348886050655076385e+00
5.456259125753949668e+00 -1.805145176409026275e+00 1.348886050655076385e+00
5.456259125753949668e+00 -1.805145176409026275e+00 1.348886050655076385e+00
5.456259125753949668e+00 -1.805145176409026275e+00 1.348886050655076385e+00
