3.971338054919280491e+00 1.045087852584509480e-01 9.241531598222687549e-01
3.971338054919280491e+00 1.045087852584509480e-01 9.241531598222687549e-01
3.971338054919280491e+00 1.045087852584509480e-01 9.241531598222687549e-01
3.971338054919280491e+00 1.045087852584509480e-01 9.241531598222687549e-01
4.015749606226243884e+00 5.110669407787486046e-02 9.331436996958802910e-01
4.015749606226243884e+00 5.110669407787486046e-02 9.331436996958802910e-01
4.015749606226243884e+00 5.110669407787486046e-02 9.331436996958802910e-01
4.015749606226243884e+00 5.110669407787486046e-02 9.331436996958802910e-01
4.015749606226243884e+00 5.110669407787486046e-02 9.331436996958802910e-01
4.015749606226243884e+00 5.110669407787486046e-02 9.331436996958802910e-01
4.015749606226243884e+00 5.110669407787486046e-02 9.331436996958802910e-01
4.015749606226243884e+00 5.110669407787486046e-02 9.331436996958802910e-01
4.015749606226243884e+00 5.110669407787486046e-02 9.331436996958802910e-01
4.015749606226243884e+00 5.110669407787486046e-02 9.331436996958802910e-01
4.015749606226243884e+00 5.110669407787486046e-02 9.331436996958802910e-01
4.015749606226243884e+00 5.110669407787486046e-02 9.331436996958802910e-01
4.015749606226243884e+00 5.110669407787486046e-02 9.331436996958802910e-01
4.015749606226243884e+00 5.110669407787486046e-02 9.331436996958802910e-01
4.015749606226243884e+00 5.110669407787486046e-02 9.331436996958802910e-01
4.015749606226243884e+00 5.110669407787486046e-02 9.331436996958802910e-01
4.015749606226243884e+00 5.110669407787486046e-02 9.331436996958802910e-01
4.015749606226243884e+00 5.110669407787486046e-02 9.331436996958802910e-01
4.015749606226243884e+00 5.110669407787486046e-02 9.331436996958802910e-01
4.015749606226243884e+00 5.110669407787486046e-02 9.331436996958802910e-01
4.015749606226243884e+00 5.110669407787486046e-02 9.331436996958802910e-01
4.045471471909129590e+00 1.343284313578421187e-02 9.410956849550859982e-01
4.060485333713053535e+00 -5.597926565869712663e-03 9.451125928528157916e-01
4.060485333713053535e+00 -5.597926565869712663e-03 9.451125928528157916e-01
4.060485333713053535e+00 -5.597926565869712663e-03 9.451125928528157916e-01
4.060485333713053535e+00 -5.597926565869712663e-03 9.451125928528157916e-01
4.060485333713053535e+00 -5.597926565869712663e-03 9.451125928528157916e-01
4.060485333713053535e+00 -5.597926565869712663e-03 9.451125928528157916e-01
4.060485333713053535e+00 -5.597926565869712663e-03 9.451125928528157916e-01
4.060485333713053535e+00 -5.597926565869712663e-03 9.451125928528157916e-01
4.060485333713053535e+00 -5.597926565869712663e-03 9.451125928528157916e-01
4.060485333713053535e+00 -5.597926565869712663e-03 9.451125928528157916e-01
4.060485333713053535e+00 -5.597926565869712663e-03 9.451125928528157916e-01
4.060485333713053535e+00 -5.597926565869712663e-03 9.451125928528157916e-01
4.060485333713053535e+00 -5.597926565869712663e-03 9.451125928528157916e-01
4.060485333713053535e+00 -5.597926565869712663e-03 9.451125928528157916e-01
4.060485333713053535e+00 -5.597926565869712663e-03 9.451125928528157916e-01
4.060485333713053535e+00 -5.597926565869712663e-03 9.451125928528157916e-01
4.060485333713053535e+00 -5.597926565869712663e-03 9.451125928528157916e-01
4.060485333713053535e+00 -5.597926565869712663e-03 9.451125928528157916e-01
4.060485333713053535e+00 -5.597926565869712663e-03 9.451125928528157916e-01
4.060485333713053535e+00 -5.597926565869712663e-03 9.451125928528157916e-01
4.060485333713053535e+00 -5.597926565869712663e-03 9.451125928528157916e-01
4.070699434064116495e+00 -1.800544324516216779e-02 9.473060091810461270e-01
4.106847668789020744e+00 -6.191629148696079638e-02 9.550686226979397953e-01
4.106847668789020744e+00 -6.191629148696079638e-02 9.550686226979397953e-01
4.106847668789020744e+00 -6.191629148696079638e-02 9.550686226979397953e-01
4.106847668789020744e+00 -6.191629148696079638e-02 9.550686226979397953e-01
4.106847668789020744e+00 -6.191629148696079638e-02 9.550686226979397953e-01
4.106847668789020744e+00 -6.191629148696079638e-02 9.550686226979397953e-01
4.106847668789020744e+00 -6.191629148696079638e-02 9.550686226979397953e-01
4.106847668789020744e+00 -6.191629148696079638e-02 9.550686226979397953e-01
4.107635264232372130e+00 -6.293379502627538535e-02 9.552985307939031445e-01
4.129933189252185777e+00 -9.174075614345067464e-02 9.618075668912655640e-01
4.129933189252185777e+00 -9.174075614345067464e-02 9.618075668912655640e-01
4.129933189252185777e+00 -9.174075614345067464e-02 9.618075668912655640e-01
4.129933189252185777e+00 -9.174075614345067464e-02 9.618075668912655640e-01
4.129933189252185777e+00 -9.174075614345067464e-02 9.618075668912655640e-01
4.147404851768142997e+00 -1.133453920088172695e-01 9.659405402406741059e-01
4.153261087033533805e+00 -1.205869374841800623e-01 9.673258504506467848e-01
4.153261087033533805e+00 -1.205869374841800623e-01 9.673258504506467848e-01
4.153261087033533805e+00 -1.205869374841800623e-01 9.673258504506467848e-01
4.153261087033533805e+00 -1.205869374841800623e-01 9.673258504506467848e-01
4.153261087033533805e+00 -1.205869374841800623e-01 9.673258504506467848e-01
4.153261087033533805e+00 -1.205869374841800623e-01 9.673258504506467848e-01
4.153261087033533805e+00 -1.205869374841800623e-01 9.673258504506467848e-01
4.153261087033533805e+00 -1.205869374841800623e-01 9.673258504506467848e-01
4.153261087033533805e+00 -1.205869374841800623e-01 9.673258504506467848e-01
4.153261087033533805e+00 -1.205869374841800623e-01 9.673258504506467848e-01
4.153261087033533805e+00 -1.205869374841800623e-01 9.673258504506467848e-01
4.153261087033533805e+00 -1.205869374841800623e-01 9.673258504506467848e-01
4.153261087033533805e+00 -1.205869374841800623e-01 9.673258504506467848e-01
4.153261087033533805e+00 -1.205869374841800623e-01 9.673258504506467848e-01
4.153261087033533805e+00 -1.205869374841800623e-01 9.673258504506467848e-01
4.153261087033533805e+00 -1.205869374841800623e-01 9.673258504506467848e-01
4.153261087033533805e+00 -1.205869374841800623e-01 9.673258504506467848e-01
4.153261087033533805e+00 -1.205869374841800623e-01 9.673258504506467848e-01
4.153261087033533805e+00 -1.205869374841800623e-01 9.673258504506467848e-01
4.153261087033533805e+00 -1.205869374841800623e-01 9.673258504506467848e-01
4.153261087033533805e+00 -1.205869374841800623e-01 9.673258504506467848e-01
4.195654559034006859e+00 -1.727110278470102567e-01 9.770564688130028985e-01
4.201781708556137751e+00 -1.802445482947269417e-01 9.784628397385892740e-01
4.201781708556137751e+00 -1.802445482947269417e-01 9.784628397385892740e-01
4.201781708556137751e+00 -1.802445482947269417e-01 9.784628397385892740e-01
4.201781708556137751e+00 -1.802445482947269417e-01 9.784628397385892740e-01
4.201781708556137751e+00 -1.802445482947269417e-01 9.784628397385892740e-01
4.201781708556137751e+00 -1.802445482947269417e-01 9.784628397385892740e-01
4.201781708556137751e+00 -1.802445482947269417e-01 9.784628397385892740e-01
4.201781708556137751e+00 -1.802445482947269417e-01 9.784628397385892740e-01
4.201781708556137751e+00 -1.802445482947269417e-01 9.784628397385892740e-01
4.201781708556137751e+00 -1.802445482947269417e-01 9.784628397385892740e-01
4.201781708556137751e+00 -1.802445482947269417e-01 9.784628397385892740e-01
4.201781708556137751e+00 -1.802445482947269417e-01 9.784628397385892740e-01
4.201781708556137751e+00 -1.802445482947269417e-01 9.784628397385892740e-01
4.201781708556137751e+00 -1.802445482947269417e-01 9.784628397385892740e-01
4.201781708556137751e+00 -1.802445482947269417e-01 9.784628397385892740e-01
4.201781708556137751e+00 -1.802445482947269417e-01 9.784628397385892740e-01
4.201781708556137751e+00 -1.802445482947269417e-01 9.784628397385892740e-01
4.201781708556137751e+00 -1.802445482947269417e-01 9.784628397385892740e-01
4.201781708556137751e+00 -1.802445482947269417e-01 9.784628397385892740e-01
4.201781708556137751e+00 -1.802445482947269417e-01 9.784628397385892740e-01
4.210438582800107632e+00 -1.912178978303658572e-01 9.807793150302591689e-01
4.249839249589289381e+00 -2.411617095644632003e-01 9.913224599751747634e-01
4.249839249589289381e+00 -2.411617095644632003e-01 9.913224599751747634e-01
4.249839249589289381e+00 -2.411617095644632003e-01 9.913224599751747634e-01
4.249839249589289381e+00 -2.411617095644632003e-01 9.913224599751747634e-01
4.249839249589289381e+00 -2.411617095644632003e-01 9.913224599751747634e-01
4.249839249589289381e+00 -2.411617095644632003e-01 9.913224599751747634e-01
4.249839249589289381e+00 -2.411617095644632003e-01 9.913224599751747634e-01
4.249839249589289381e+00 -2.411617095644632003e-01 9.913224599751747634e-01
4.249839249589289381e+00 -2.411617095644632003e-01 9.913224599751747634e-01
4.249839249589289381e+00 -2.411617095644632003e-01 9.913224599751747634e-01
4.249839249589289381e+00 -2.411617095644632003e-01 9.913224599751747634e-01
4.249839249589289381e+00 -2.411617095644632003e-01 9.913224599751747634e-01
4.249839249589289381e+00 -2.411617095644632003e-01 9.913224599751747634e-01
4.249839249589289381e+00 -2.411617095644632003e-01 9.913224599751747634e-01
4.249839249589289381e+00 -2.411617095644632003e-01 9.913224599751747634e-01
4.249839249589289381e+00 -2.411617095644632003e-01 9.913224599751747634e-01
4.249839249589289381e+00 -2.411617095644632003e-01 9.913224599751747634e-01
4.249839249589289381e+00 -2.411617095644632003e-01 9.913224599751747634e-01
4.249839249589289381e+00 -2.411617095644632003e-01 9.913224599751747634e-01
4.249839249589289381e+00 -2.411617095644632003e-01 9.913224599751747634e-01
4.249839249589289381e+00 -2.411617095644632003e-01 9.913224599751747634e-01
4.300092260084903195e+00 -3.040346239575552612e-01 1.003942363872652122e+00
4.300347923413274209e+00 -3.043544918574256353e-01 1.004006568444151482e+00
4.300347923413274209e+00 -3.043544918574256353e-01 1.004006568444151482e+00
4.300347923413274209e+00 -3.043544918574256353e-01 1.004006568444151482e+00
4.300347923413274209e+00 -3.043544918574256353e-01 1.004006568444151482e+00
4.300347923413274209e+00 -3.043544918574256353e-01 1.004006568444151482e+00
4.300347923413274209e+00 -3.043544918574256353e-01 1.004006568444151482e+00
4.300347923413274209e+00 -3.043544918574256353e-01 1.004006568444151482e+00
4.300347923413274209e+00 -3.043544918574256353e-01 1.004006568444151482e+00
4.300347923413274209e+00 -3.043544918574256353e-01 1.004006568444151482e+00
4.300347923413274209e+00 -3.043544918574256353e-01 1.004006568444151482e+00
4.308504456003571015e+00 -3.149573354100942413e-01 1.006452879406523282e+00
4.324909465108427220e+00 -3.362825434697319649e-01 1.011373078361305300e+00
4.332533097037703840e+00 -3.457180519246260131e-01 1.013184954886922062e+00
4.350436329483602371e+00 -3.678762697516430036e-01 1.017439940268041187e+00
4.350436329483602371e+00 -3.678762697516430036e-01 1.017439940268041187e+00
4.350436329483602371e+00 -3.678762697516430036e-01 1.017439940268041187e+00
4.350436329483602371e+00 -3.678762697516430036e-01 1.017439940268041187e+00
4.350436329483602371e+00 -3.678762697516430036e-01 1.017439940268041187e+00
4.350436329483602371e+00 -3.678762697516430036e-01 1.017439940268041187e+00
4.350436329483602371e+00 -3.678762697516430036e-01 1.017439940268041187e+00
4.350436329483602371e+00 -3.678762697516430036e-01 1.017439940268041187e+00
4.350436329483602371e+00 -3.678762697516430036e-01 1.017439940268041187e+00
4.350436329483602371e+00 -3.678762697516430036e-01 1.017439940268041187e+00
4.350436329483602371e+00 -3.678762697516430036e-01 1.017439940268041187e+00
4.350436329483602371e+00 -3.678762697516430036e-01 1.017439940268041187e+00
4.350436329483602371e+00 -3.678762697516430036e-01 1.017439940268041187e+00
4.350436329483602371e+00 -3.678762697516430036e-01 1.017439940268041187e+00
4.350436329483602371e+00 -3.678762697516430036e-01 1.017439940268041187e+00
4.350436329483602371e+00 -3.678762697516430036e-01 1.017439940268041187e+00
4.350436329483602371e+00 -3.678762697516430036e-01 1.017439940268041187e+00
4.350436329483602371e+00 -3.678762697516430036e-01 1.017439940268041187e+00
4.350436329483602371e+00 -3.678762697516430036e-01 1.017439940268041187e+00
4.350436329483602371e+00 -3.678762697516430036e-01 1.017439940268041187e+00
4.350436329483602371e+00 -3.678762697516430036e-01 1.017439940268041187e+00
4.372896720508234303e+00 -3.963090138440548138e-01 1.023412293335819845e+00
4.403230278876474557e+00 -4.347084466885768883e-01 1.031478167812101887e+00
4.403230278876474557e+00 -4.347084466885768883e-01 1.031478167812101887e+00
4.403230278876474557e+00 -4.347084466885768883e-01 1.031478167812101887e+00
4.403230278876474557e+00 -4.347084466885768883e-01 1.031478167812101887e+00
4.403230278876474557e+00 -4.347084466885768883e-01 1.031478167812101887e+00
4.403230278876474557e+00 -4.347084466885768883e-01 1.031478167812101887e+00
4.403230278876474557e+00 -4.347084466885768883e-01 1.031478167812101887e+00
4.403230278876474557e+00 -4.347084466885768883e-01 1.031478167812101887e+00
4.403230278876474557e+00 -4.347084466885768883e-01 1.031478167812101887e+00
4.403230278876474557e+00 -4.347084466885768883e-01 1.031478167812101887e+00
4.403230278876474557e+00 -4.347084466885768883e-01 1.031478167812101887e+00
4.403230278876474557e+00 -4.347084466885768883e-01 1.031478167812101887e+00
4.403230278876474557e+00 -4.347084466885768883e-01 1.031478167812101887e+00
4.403230278876474557e+00 -4.347084466885768883e-01 1.031478167812101887e+00
4.403230278876474557e+00 -4.347084466885768883e-01 1.031478167812101887e+00
4.403230278876474557e+00 -4.347084466885768883e-01 1.031478167812101887e+00
4.403230278876474557e+00 -4.347084466885768883e-01 1.031478167812101887e+00
4.403230278876474557e+00 -4.347084466885768883e-01 1.031478167812101887e+00
4.403230278876474557e+00 -4.347084466885768883e-01 1.031478167812101887e+00
4.403230278876474557e+00 -4.347084466885768883e-01 1.031478167812101887e+00
4.403230278876474557e+00 -4.347084466885768883e-01 1.031478167812101887e+00
4.412746334695334838e+00 -4.467277125462599807e-01 1.033981377850925254e+00
4.456117175161664612e+00 -5.015073062524201264e-01 1.045390131090754959e+00
4.456117175161664612e+00 -5.015073062524201264e-01 1.045390131090754959e+00
4.456117175161664612e+00 -5.015073062524201264e-01 1.045390131090754959e+00
4.456117175161664612e+00 -5.015073062524201264e-01 1.045390131090754959e+00
4.456117175161664612e+00 -5.015073062524201264e-01 1.045390131090754959e+00
4.456117175161664612e+00 -5.015073062524201264e-01 1.045390131090754959e+00
4.456117175161664612e+00 -5.015073062524201264e-01 1.045390131090754959e+00
4.456117175161664612e+00 -5.015073062524201264e-01 1.045390131090754959e+00
4.456117175161664612e+00 -5.015073062524201264e-01 1.045390131090754959e+00
4.456117175161664612e+00 -5.015073062524201264e-01 1.045390131090754959e+00
4.456117175161664612e+00 -5.015073062524201264e-01 1.045390131090754959e+00
4.456117175161664612e+00 -5.015073062524201264e-01 1.045390131090754959e+00
4.456117175161664612e+00 -5.015073062524201264e-01 1.045390131090754959e+00
4.456117175161664612e+00 -5.015073062524201264e-01 1.045390131090754959e+00
4.456117175161664612e+00 -5.015073062524201264e-01 1.045390131090754959e+00
4.456117175161664612e+00 -5.015073062524201264e-01 1.045390131090754959e+00
4.456117175161664612e+00 -5.015073062524201264e-01 1.045390131090754959e+00
4.456117175161664612e+00 -5.015073062524201264e-01 1.045390131090754959e+00
4.504265380580443789e+00 -5.631729031352556980e-01 1.058907522554811909e+00
4.511427825325180052e+00 -5.723461722621899783e-01 1.060918346937009371e+00
4.511427825325180052e+00 -5.723461722621899783e-01 1.060918346937009371e+00
4.511427825325180052e+00 -5.723461722621899783e-01 1.060918346937009371e+00
4.511427825325180052e+00 -5.723461722621899783e-01 1.060918346937009371e+00
4.511427825325180052e+00 -5.723461722621899783e-01 1.060918346937009371e+00
4.511427825325180052e+00 -5.723461722621899783e-01 1.060918346937009371e+00
4.511427825325180052e+00 -5.723461722621899783e-01 1.060918346937009371e+00
4.511427825325180052e+00 -5.723461722621899783e-01 1.060918346937009371e+00
4.511427825325180052e+00 -5.723461722621899783e-01 1.060918346937009371e+00
4.511427825325180052e+00 -5.723461722621899783e-01 1.060918346937009371e+00
4.511427825325180052e+00 -5.723461722621899783e-01 1.060918346937009371e+00
4.511427825325180052e+00 -5.723461722621899783e-01 1.060918346937009371e+00
4.539250064495891301e+00 -6.087946644492417958e-01 1.069544599953350161e+00
4.539250064495891301e+00 -6.087946644492417958e-01 1.069544599953350161e+00
4.539250064495891301e+00 -6.087946644492417958e-01 1.069544599953350161e+00
4.544366163108643164e+00 -6.150773558371697147e-01 1.070711192728527106e+00
4.570141077376699279e+00 -6.467295655413839439e-01 1.076588488164685220e+00
4.570141077376699279e+00 -6.467295655413839439e-01 1.076588488164685220e+00
4.570141077376699279e+00 -6.467295655413839439e-01 1.076588488164685220e+00
4.570141077376699279e+00 -6.467295655413839439e-01 1.076588488164685220e+00
4.570141077376699279e+00 -6.467295655413839439e-01 1.076588488164685220e+00
4.570141077376699279e+00 -6.467295655413839439e-01 1.076588488164685220e+00
4.570141077376699279e+00 -6.467295655413839439e-01 1.076588488164685220e+00
4.570141077376699279e+00 -6.467295655413839439e-01 1.076588488164685220e+00
4.570141077376699279e+00 -6.467295655413839439e-01 1.076588488164685220e+00
4.570141077376699279e+00 -6.467295655413839439e-01 1.076588488164685220e+00
4.570141077376699279e+00 -6.467295655413839439e-01 1.076588488164685220e+00
4.570141077376699279e+00 -6.467295655413839439e-01 1.076588488164685220e+00
4.570141077376699279e+00 -6.467295655413839439e-01 1.076588488164685220e+00
4.570141077376699279e+00 -6.467295655413839439e-01 1.076588488164685220e+00
4.570141077376699279e+00 -6.467295655413839439e-01 1.076588488164685220e+00
4.570141077376699279e+00 -6.467295655413839439e-01 1.076588488164685220e+00
4.570141077376699279e+00 -6.467295655413839439e-01 1.076588488164685220e+00
4.570141077376699279e+00 -6.467295655413839439e-01 1.076588488164685220e+00
4.570141077376699279e+00 -6.467295655413839439e-01 1.076588488164685220e+00
4.570141077376699279e+00 -6.467295655413839439e-01 1.076588488164685220e+00
4.570141077376699279e+00 -6.467295655413839439e-01 1.076588488164685220e+00
4.570141077376699279e+00 -6.467295655413839439e-01 1.076588488164685220e+00
4.623521584451166788e+00 -7.161698617238466680e-01 1.092648277272679547e+00
4.631261445811133193e+00 -7.262382984460928892e-01 1.094976852634959918e+00
4.631261445811133193e+00 -7.262382984460928892e-01 1.094976852634959918e+00
4.631261445811133193e+00 -7.262382984460928892e-01 1.094976852634959918e+00
4.631261445811133193e+00 -7.262382984460928892e-01 1.094976852634959918e+00
4.631261445811133193e+00 -7.262382984460928892e-01 1.094976852634959918e+00
4.631261445811133193e+00 -7.262382984460928892e-01 1.094976852634959918e+00
4.631261445811133193e+00 -7.262382984460928892e-01 1.094976852634959918e+00
4.631261445811133193e+00 -7.262382984460928892e-01 1.094976852634959918e+00
4.631261445811133193e+00 -7.262382984460928892e-01 1.094976852634959918e+00
4.631261445811133193e+00 -7.262382984460928892e-01 1.094976852634959918e+00
4.631261445811133193e+00 -7.262382984460928892e-01 1.094976852634959918e+00
4.631261445811133193e+00 -7.262382984460928892e-01 1.094976852634959918e+00
4.631261445811133193e+00 -7.262382984460928892e-01 1.094976852634959918e+00
4.631261445811133193e+00 -7.262382984460928892e-01 1.094976852634959918e+00
4.631261445811133193e+00 -7.262382984460928892e-01 1.094976852634959918e+00
4.631261445811133193e+00 -7.262382984460928892e-01 1.094976852634959918e+00
4.631261445811133193e+00 -7.262382984460928892e-01 1.094976852634959918e+00
4.631261445811133193e+00 -7.262382984460928892e-01 1.094976852634959918e+00
4.631261445811133193e+00 -7.262382984460928892e-01 1.094976852634959918e+00
4.631261445811133193e+00 -7.262382984460928892e-01 1.094976852634959918e+00
4.631261445811133193e+00 -7.262382984460928892e-01 1.094976852634959918e+00
4.689586239412070867e+00 -8.003746739491155449e-01 1.110788434537044234e+00
4.695512301542507316e+00 -8.079072640854410015e-01 1.112394962542934129e+00
4.695512301542507316e+00 -8.079072640854410015e-01 1.112394962542934129e+00
4.695512301542507316e+00 -8.079072640854410015e-01 1.112394962542934129e+00
4.695512301542507316e+00 -8.079072640854410015e-01 1.112394962542934129e+00
4.695512301542507316e+00 -8.079072640854410015e-01 1.112394962542934129e+00
4.695512301542507316e+00 -8.079072640854410015e-01 1.112394962542934129e+00
4.695512301542507316e+00 -8.079072640854410015e-01 1.112394962542934129e+00
4.695512301542507316e+00 -8.079072640854410015e-01 1.112394962542934129e+00
4.695512301542507316e+00 -8.079072640854410015e-01 1.112394962542934129e+00
4.695512301542507316e+00 -8.079072640854410015e-01 1.112394962542934129e+00
4.695512301542507316e+00 -8.079072640854410015e-01 1.112394962542934129e+00
4.695512301542507316e+00 -8.079072640854410015e-01 1.112394962542934129e+00
4.695512301542507316e+00 -8.079072640854410015e-01 1.112394962542934129e+00
4.695512301542507316e+00 -8.079072640854410015e-01 1.112394962542934129e+00
4.720792597171191929e+00 -8.410875979549287118e-01 1.120295000783736006e+00
4.757092732313909167e+00 -8.888558005640607718e-01 1.131763068250151161e+00
4.757092732313909167e+00 -8.888558005640607718e-01 1.131763068250151161e+00
4.757092732313909167e+00 -8.888558005640607718e-01 1.131763068250151161e+00
4.757092732313909167e+00 -8.888558005640607718e-01 1.131763068250151161e+00
4.757092732313909167e+00 -8.888558005640607718e-01 1.131763068250151161e+00
4.757092732313909167e+00 -8.888558005640607718e-01 1.131763068250151161e+00
4.757092732313909167e+00 -8.888558005640607718e-01 1.131763068250151161e+00
4.757092732313909167e+00 -8.888558005640607718e-01 1.131763068250151161e+00
4.757092732313909167e+00 -8.888558005640607718e-01 1.131763068250151161e+00
4.757092732313909167e+00 -8.888558005640607718e-01 1.131763068250151161e+00
4.757092732313909167e+00 -8.888558005640607718e-01 1.131763068250151161e+00
4.757092732313909167e+00 -8.888558005640607718e-01 1.131763068250151161e+00
4.757092732313909167e+00 -8.888558005640607718e-01 1.131763068250151161e+00
4.757092732313909167e+00 -8.888558005640607718e-01 1.131763068250151161e+00
4.757092732313909167e+00 -8.888558005640607718e-01 1.131763068250151161e+00
4.757092732313909167e+00 -8.888558005640607718e-01 1.131763068250151161e+00
4.757092732313909167e+00 -8.888558005640607718e-01 1.131763068250151161e+00
4.777510152431526436e+00 -9.151457933960076563e-01 1.137635640964480999e+00
4.787794301739701552e+00 -9.283879275519192342e-01 1.140593625812218237e+00
4.813630945359317792e+00 -9.606268385798567566e-01 1.146995893220539742e+00
4.818838826334101100e+00 -9.671252210073401079e-01 1.148286394673238897e+00
4.818838826334101100e+00 -9.671252210073401079e-01 1.148286394673238897e+00
4.818838826334101100e+00 -9.671252210073401079e-01 1.148286394673238897e+00
4.818838826334101100e+00 -9.671252210073401079e-01 1.148286394673238897e+00
4.818838826334101100e+00 -9.671252210073401079e-01 1.148286394673238897e+00
4.818838826334101100e+00 -9.671252210073401079e-01 1.148286394673238897e+00
4.818838826334101100e+00 -9.671252210073401079e-01 1.148286394673238897e+00
4.818838826334101100e+00 -9.671252210073401079e-01 1.148286394673238897e+00
4.818838826334101100e+00 -9.671252210073401079e-01 1.148286394673238897e+00
4.818838826334101100e+00 -9.671252210073401079e-01 1.148286394673238897e+00
4.818838826334101100e+00 -9.671252210073401079e-01 1.148286394673238897e+00
4.818838826334101100e+00 -9.671252210073401079e-01 1.148286394673238897e+00
4.818838826334101100e+00 -9.671252210073401079e-01 1.148286394673238897e+00
4.818838826334101100e+00 -9.671252210073401079e-01 1.148286394673238897e+00
4.818838826334101100e+00 -9.671252210073401079e-01 1.148286394673238897e+00
4.818838826334101100e+00 -9.671252210073401079e-01 1.148286394673238897e+00
4.818838826334101100e+00 -9.671252210073401079e-01 1.148286394673238897e+00
4.818838826334101100e+00 -9.671252210073401079e-01 1.148286394673238897e+00
4.818838826334101100e+00 -9.671252210073401079e-01 1.148286394673238897e+00
4.818838826334101100e+00 -9.671252210073401079e-01 1.148286394673238897e+00
4.827868012838044898e+00 -9.791360320418078800e-01 1.151268019203762538e+00
4.873602449705332518e+00 -1.039972927398569391e+00 1.166370477693237317e+00
4.873602449705332518e+00 -1.039972927398569391e+00 1.166370477693237317e+00
4.873602449705332518e+00 -1.039972927398569391e+00 1.166370477693237317e+00
4.873602449705332518e+00 -1.039972927398569391e+00 1.166370477693237317e+00
4.873602449705332518e+00 -1.039972927398569391e+00 1.166370477693237317e+00
4.873602449705332518e+00 -1.039972927398569391e+00 1.166370477693237317e+00
4.873602449705332518e+00 -1.039972927398569391e+00 1.166370477693237317e+00
4.873602449705332518e+00 -1.039972927398569391e+00 1.166370477693237317e+00
4.873602449705332518e+00 -1.039972927398569391e+00 1.166370477693237317e+00
4.873602449705332518e+00 -1.039972927398569391e+00 1.166370477693237317e+00
4.873602449705332518e+00 -1.039972927398569391e+00 1.166370477693237317e+00
4.873602449705332518e+00 -1.039972927398569391e+00 1.166370477693237317e+00
4.873602449705332518e+00 -1.039972927398569391e+00 1.166370477693237317e+00
4.873602449705332518e+00 -1.039972927398569391e+00 1.166370477693237317e+00
4.873602449705332518e+00 -1.039972927398569391e+00 1.166370477693237317e+00
4.873602449705332518e+00 -1.039972927398569391e+00 1.166370477693237317e+00
4.873602449705332518e+00 -1.039972927398569391e+00 1.166370477693237317e+00
4.873602449705332518e+00 -1.039972927398569391e+00 1.166370477693237317e+00
4.873602449705332518e+00 -1.039972927398569391e+00 1.166370477693237317e+00
4.873602449705332518e+00 -1.039972927398569391e+00 1.166370477693237317e+00
4.873602449705332518e+00 -1.039972927398569391e+00 1.166370477693237317e+00
4.892062237568729266e+00 -1.063333591346211859e+00 1.171271353777483704e+00
4.929493609516437225e+00 -1.110702592768590291e+00 1.181208983252152844e+00
4.929493609516437225e+00 -1.110702592768590291e+00 1.181208983252152844e+00
4.929493609516437225e+00 -1.110702592768590291e+00 1.181208983252152844e+00
4.929493609516437225e+00 -1.110702592768590291e+00 1.181208983252152844e+00
4.929493609516437225e+00 -1.110702592768590291e+00 1.181208983252152844e+00
4.929493609516437225e+00 -1.110702592768590291e+00 1.181208983252152844e+00
4.929493609516437225e+00 -1.110702592768590291e+00 1.181208983252152844e+00
4.929493609516437225e+00 -1.110702592768590291e+00 1.181208983252152844e+00
4.929493609516437225e+00 -1.110702592768590291e+00 1.181208983252152844e+00
4.929493609516437225e+00 -1.110702592768590291e+00 1.181208983252152844e+00
4.929493609516437225e+00 -1.110702592768590291e+00 1.181208983252152844e+00
4.929493609516437225e+00 -1.110702592768590291e+00 1.181208983252152844e+00
4.929493609516437225e+00 -1.110702592768590291e+00 1.181208983252152844e+00
4.929493609516437225e+00 -1.110702592768590291e+00 1.181208983252152844e+00
4.929493609516437225e+00 -1.110702592768590291e+00 1.181208983252152844e+00
4.929493609516437225e+00 -1.110702592768590291e+00 1.181208983252152844e+00
4.929493609516437225e+00 -1.110702592768590291e+00 1.181208983252152844e+00
4.929493609516437225e+00 -1.110702592768590291e+00 1.181208983252152844e+00
4.929493609516437225e+00 -1.110702592768590291e+00 1.181208983252152844e+00
4.929493609516437225e+00 -1.110702592768590291e+00 1.181208983252152844e+00
4.981558059058898813e+00 -1.180893168862917175e+00 1.199335109804018584e+00
4.982684691957954826e+00 -1.182412036493655005e+00 1.199727344535700624e+00
4.982684691957954826e+00 -1.182412036493655005e+00 1.199727344535700624e+00
4.982684691957954826e+00 -1.182412036493655005e+00 1.199727344535700624e+00
4.982684691957954826e+00 -1.182412036493655005e+00 1.199727344535700624e+00
4.982684691957954826e+00 -1.182412036493655005e+00 1.199727344535700624e+00
4.982684691957954826e+00 -1.182412036493655005e+00 1.199727344535700624e+00
4.982684691957954826e+00 -1.182412036493655005e+00 1.199727344535700624e+00
4.982684691957954826e+00 -1.182412036493655005e+00 1.199727344535700624e+00
5.012491825284854485e+00 -1.220542204836893241e+00 1.208050379552038089e+00
5.012491825284854485e+00 -1.220542204836893241e+00 1.208050379552038089e+00
5.012491825284854485e+00 -1.220542204836893241e+00 1.208050379552038089e+00
5.012491825284854485e+00 -1.220542204836893241e+00 1.208050379552038089e+00
5.021264435703693962e+00 -1.231672783817471029e+00 1.210408348113777510e+00
5.043364925180499725e+00 -1.259713609597395090e+00 1.216348684416894921e+00
5.043364925180499725e+00 -1.259713609597395090e+00 1.216348684416894921e+00
5.043364925180499725e+00 -1.259713609597395090e+00 1.216348684416894921e+00
5.043364925180499725e+00 -1.259713609597395090e+00 1.216348684416894921e+00
5.043364925180499725e+00 -1.259713609597395090e+00 1.216348684416894921e+00
5.043364925180499725e+00 -1.259713609597395090e+00 1.216348684416894921e+00
5.043364925180499725e+00 -1.259713609597395090e+00 1.216348684416894921e+00
5.043364925180499725e+00 -1.259713609597395090e+00 1.216348684416894921e+00
5.043364925180499725e+00 -1.259713609597395090e+00 1.216348684416894921e+00
5.043364925180499725e+00 -1.259713609597395090e+00 1.216348684416894921e+00
5.043364925180499725e+00 -1.259713609597395090e+00 1.216348684416894921e+00
5.043364925180499725e+00 -1.259713609597395090e+00 1.216348684416894921e+00
5.043364925180499725e+00 -1.259713609597395090e+00 1.216348684416894921e+00
5.043364925180499725e+00 -1.259713609597395090e+00 1.216348684416894921e+00
5.043364925180499725e+00 -1.259713609597395090e+00 1.216348684416894921e+00
5.043364925180499725e+00 -1.259713609597395090e+00 1.216348684416894921e+00
5.043364925180499725e+00 -1.259713609597395090e+00 1.216348684416894921e+00
5.043364925180499725e+00 -1.259713609597395090e+00 1.216348684416894921e+00
5.043364925180499725e+00 -1.259713609597395090e+00 1.216348684416894921e+00
5.043364925180499725e+00 -1.259713609597395090e+00 1.216348684416894921e+00
5.088721630586404032e+00 -1.321029289805029983e+00 1.232307659218626394e+00
5.104058454572352410e+00 -1.341762449063841789e+00 1.237703994491488935e+00
5.104058454572352410e+00 -1.341762449063841789e+00 1.237703994491488935e+00
5.104058454572352410e+00 -1.341762449063841789e+00 1.237703994491488935e+00
5.104058454572352410e+00 -1.341762449063841789e+00 1.237703994491488935e+00
5.104058454572352410e+00 -1.341762449063841789e+00 1.237703994491488935e+00
5.104058454572352410e+00 -1.341762449063841789e+00 1.237703994491488935e+00
5.104058454572352410e+00 -1.341762449063841789e+00 1.237703994491488935e+00
5.104058454572352410e+00 -1.341762449063841789e+00 1.237703994491488935e+00
5.104058454572352410e+00 -1.341762449063841789e+00 1.237703994491488935e+00
5.104058454572352410e+00 -1.341762449063841789e+00 1.237703994491488935e+00
5.104058454572352410e+00 -1.341762449063841789e+00 1.237703994491488935e+00
5.104058454572352410e+00 -1.341762449063841789e+00 1.237703994491488935e+00
5.104058454572352410e+00 -1.341762449063841789e+00 1.237703994491488935e+00
5.104058454572352410e+00 -1.341762449063841789e+00 1.237703994491488935e+00
5.104058454572352410e+00 -1.341762449063841789e+00 1.237703994491488935e+00
5.104058454572352410e+00 -1.341762449063841789e+00 1.237703994491488935e+00
5.104058454572352410e+00 -1.341762449063841789e+00 1.237703994491488935e+00
5.104058454572352410e+00 -1.341762449063841789e+00 1.237703994491488935e+00
5.104058454572352410e+00 -1.341762449063841789e+00 1.237703994491488935e+00
5.104058454572352410e+00 -1.341762449063841789e+00 1.237703994491488935e+00
5.154433354548830337e+00 -1.406167485080923596e+00 1.251734130532092149e+00
5.171500275830387849e+00 -1.427987790152747127e+00 1.256487514322359722e+00
5.171500275830387849e+00 -1.427987790152747127e+00 1.256487514322359722e+00
5.171500275830387849e+00 -1.427987790152747127e+00 1.256487514322359722e+00
5.171500275830387849e+00 -1.427987790152747127e+00 1.256487514322359722e+00
5.171500275830387849e+00 -1.427987790152747127e+00 1.256487514322359722e+00
5.171500275830387849e+00 -1.427987790152747127e+00 1.256487514322359722e+00
5.171500275830387849e+00 -1.427987790152747127e+00 1.256487514322359722e+00
5.171500275830387849e+00 -1.427987790152747127e+00 1.256487514322359722e+00
5.171500275830387849e+00 -1.427987790152747127e+00 1.256487514322359722e+00
5.171500275830387849e+00 -1.427987790152747127e+00 1.256487514322359722e+00
5.171500275830387849e+00 -1.427987790152747127e+00 1.256487514322359722e+00
5.171500275830387849e+00 -1.427987790152747127e+00 1.256487514322359722e+00
5.171500275830387849e+00 -1.427987790152747127e+00 1.256487514322359722e+00
5.171500275830387849e+00 -1.427987790152747127e+00 1.256487514322359722e+00
5.171500275830387849e+00 -1.427987790152747127e+00 1.256487514322359722e+00
5.171500275830387849e+00 -1.427987790152747127e+00 1.256487514322359722e+00
5.171500275830387849e+00 -1.427987790152747127e+00 1.256487514322359722e+00
5.171500275830387849e+00 -1.427987790152747127e+00 1.256487514322359722e+00
5.171500275830387849e+00 -1.427987790152747127e+00 1.256487514322359722e+00
5.171500275830387849e+00 -1.427987790152747127e+00 1.256487514322359722e+00
5.171500275830387849e+00 -1.427987790152747127e+00 1.256487514322359722e+00
5.171500275830387849e+00 -1.427987790152747127e+00 1.256487514322359722e+00
5.171500275830387849e+00 -1.427987790152747127e+00 1.256487514322359722e+00
5.236113706790512801e+00 -1.515589309903058624e+00 1.279475603112546489e+00
5.236113706790512801e+00 -1.515589309903058624e+00 1.279475603112546489e+00
5.236113706790512801e+00 -1.515589309903058624e+00 1.279475603112546489e+00
5.236113706790512801e+00 -1.515589309903058624e+00 1.279475603112546489e+00
5.236113706790512801e+00 -1.515589309903058624e+00 1.279475603112546489e+00
5.236113706790512801e+00 -1.515589309903058624e+00 1.279475603112546489e+00
5.236113706790512801e+00 -1.515589309903058624e+00 1.279475603112546489e+00
5.236113706790512801e+00 -1.515589309903058624e+00 1.279475603112546489e+00
5.236113706790512801e+00 -1.515589309903058624e+00 1.279475603112546489e+00
5.236113706790512801e+00 -1.515589309903058624e+00 1.279475603112546489e+00
5.237241289638493669e+00 -1.517037972793258360e+00 1.279796683154765802e+00
5.269298172511036604e+00 -1.558223080647113346e+00 1.288924908136076741e+00
5.280622255652605901e+00 -1.572749521933104466e+00 1.292127266280497455e+00
5.300583936522603956e+00 -1.598356203704290213e+00 1.297772267181686034e+00
5.300583936522603956e+00 -1.598356203704290213e+00 1.297772267181686034e+00
5.300583936522603956e+00 -1.598356203704290213e+00 1.297772267181686034e+00
