0.3563434191 0.0003662767 0.3371303887 -0.9945580586 -0.1041741315 0.0012358004 0.0007007868
0.3854715864 -0.0116860804 0.3387634159 -0.9938235237 -0.1085797166 -0.0200633545 0.0110774881
0.3990492178 0.0171398349 0.3397603565 -0.9948635967 -0.0985386205 -0.0191744135 0.0129788985
0.4079248838 0.0407376209 0.3402114770 -0.9955984292 -0.0908051678 -0.0181724916 0.0144204680
0.4148969155 0.0635925764 0.3404992425 -0.9962271601 -0.0836245681 -0.0172123711 0.0155599283
0.4280010474 0.1463157736 0.3404012699 -0.9979507909 -0.0595530337 -0.0138116405 0.0188916289
0.4564816527 0.3272208119 0.2046768405 -0.9999620278 0.0002442335 0.0008769635 0.0086668445
0.4704942364 0.3383557478 0.1278180094 0.9999898811 -0.0040571948 -0.0018171875 -0.0006324681
0.4899244920 0.3034622725 0.1149632778 0.9999919368 -0.0031426960 -0.0024128304 0.0006541987
0.5148308773 0.2446114458 0.1087481250 0.9999987356 -0.0007760463 -0.0012679928 0.0005641402
